#background
23.6496
20.6648
22.4268
20.6648
22.6935
22.498
22.9917
20.681
22.1586
23.3172
23.3172
23.1788
21.9124
22.6935
20.9126
23.6525
23.1788
21.3885
21.9608
21.1849
23.3625
21.6229
22.2109
21.3009
23.3172
21.8673
22.0975
22.3895
22.5707
21.6633
21.462
22.9213
22.9103
21.818
22.7549
23.31
23.4051
21.6633
23.74
23.1788
21.4115
23.3812
20.6084
21.205
23.31
21.9124
21.9351
22.3407
20.9668
21.8784
23.9244
22.5551
21.9124
20.5792
22.3407
22.3391
23.7045
20.681
22.3895
23.8483
24.0573
23.6065
20.9126
23.3172
22.7549
22.1938
23.1158
20.9086
20.9334
20.9086
23.3172
24.1405
22.2699
20.9086
22.2973
23.1788
21.1849
21.6633
23.1788
22.3423
23.1897
23.3172
22.0926
23.4699
20.6552
20.804
21.9821
21.6704
22.3958
23.319
21.6633
20.804
23.1897
21.6818
21.6633
23.2091
23.1788
21.2567
22.3423
22.2053
20.3313
21.8814
20.804
22.9248
23.31
23.1788
23.3172
20.6552
21.9608
22.0022
22.3407
20.9126
23.3172
20.9086
23.4051
22.329
22.6681
22.3895
22.2071
20.8984
20.9517
22.6681
22.6935
22.0926
23.319
22.7845
21.6633
23.6534
23.7528
22.3423
22.3407
20.9086
20.5471
22.3423
23.242
20.9126
21.6229
22.3307
22.6681
20.7522
21.8784
21.4125
20.9517
23.8483
21.1849
22.2053
20.804
21.0169
21.8783
23.8483
23.1037
21.6633
21.9881
22.7549
23.3172
22.3423
20.9334
23.8307
23.6109
22.3407
21.226
20.804
21.7945
20.9141
21.6805
21.8436
21.4115
22.6935
22.5851
22.2053
23.3172
23.4294
20.804
22.7703
21.956
22.3423
21.07
22.6681
21.6633
21.7129
21.4115
23.7475
22.0322
21.9075
22.3407
22.6611
22.7807
21.6229
20.9126
20.4205
23.6534
20.681
20.9334
21.6229
23.637
22.3786
22.9917
21.9002
23.5159
20.9334
23.4178
20.7448
20.6552
22.3407
20.804
22.7549
23.2441
23.7302
23.695
22.3407
21.8828
20.9776
23.8483
20.9126
23.4051
22.3423
22.2251
23.0248
22.9113
20.9086
23.8008
21.9474
20.4205
21.6869
23.3172
23.5103
22.3407
22.5062
21.6633
20.804
21.6229
21.6253
21.8784
22.9103
20.9334
21.8168
21.6818
22.4482
20.6648
23.7475
22.927
22.329
22.0591
20.9576
20.9334
23.4051
22.7361
20.9334
20.9126
20.7336
21.1742
23.3807
22.1941
22.3407
21.9657
21.1737
22.3407
22.9917
23.513
21.6633
23.3625
23.3172
23.1788
24.0442
24.1525
22.6346
20.6648
22.2282
22.3407
20.6447
21.3037
21.9474
23.2703
21.9124
20.9517
21.9124
22.6681
20.6648
20.9086
20.5164
21.9124
22.6935
22.3407
21.8279
21.7953
20.804
21.3037
21.3009
22.5707
21.4115
21.4115
22.5062
23.6376
22.2071
21.4115
21.0271
23.4051
23.7302
21.6704
20.6552
20.804
23.6317
20.7247
23.3625
21.1849
23.6065
20.8585
23.0747
22.1646
21.7038
23.3172
23.3172
23.2707
20.681
21.9608
23.0739
22.3407
21.8784
20.9334
23.1788
22.3157
22.6935
20.9517
22.3423
20.7448
23.1788
22.0818
21.8784
21.8786
21.8784
23.3625
21.6704
22.3423
23.3172
21.818
22.9917
20.804
21.8784
20.6648
23.8161
21.7129
23.3172
21.1028
21.6633
21.9474
20.9334
21.6835
20.9517
23.3172
22.3407
20.9517
21.9608
21.9124
20.6648
21.818
21.8783
22.3202
23.3172
21.956
20.9517
23.7045
20.5826
20.6648
22.7549
20.5552
20.962
20.4205
21.6633
20.9517
22.6346
23.7045
20.5402
21.9677
22.2778
20.9126
22.3895
23.1788
22.3895
23.7475
21.3037
21.1737
23.3625
22.3423
22.323
22.3202
21.6633
21.1849
23.1788
20.8585
20.4205
23.3172
22.7768
23.7475
22.6935
23.5709
22.1679
21.35
23.7475
21.9001
23.4051
21.3037
20.7512
23.3172
21.6229
21.0263
21.9124
20.804
22.5027
22.3407
20.9334
23.1788
21.6229
21.4455
22.8249
23.976
23.2582
21.956
20.9334
20.7873
23.3807
21.3885
20.6782
22.9103
21.6818
22.9103
22.3407
21.7507
21.7104
21.6869
22.6681
23.6273
23.3172
23.3172
23.7389
22.3826
21.8784
21.6229
21.9124
20.7336
21.6229
20.804
22.7549
22.7549
22.3786
21.6229
20.9334
23.1788
20.6648
21.4115
23.8161
22.6681
21.8315
22.098
20.3611
22.3423
20.7522
22.9917
22.3407
21.9483
20.469
21.7129
22.3407
20.6552
20.9517
21.956
21.6229
21.6869
20.6552
21.6633
22.3423
23.3172
23.1788
22.5569
21.6229
23.3172
21.6229
20.681
22.3423
22.2345
21.7767
23.1274
23.8483
23.8733
21.0253
20.6955
23.3172
20.6395
23.3172
22.7807
22.6143
21.1314
21.6633
20.9141
23.3625
20.9334
22.1941
21.3885
21.4115
23.6246
20.6648
23.1158
21.6229
21.6626
20.9661
22.3895
21.6633
20.9517
23.2707
23.6534
21.8784
22.4482
22.2053
21.3009
22.3157
21.9545
23.976
21.4115
22.9685
20.9086
21.3604
21.6045
22.3714
23.6246
23.3172
22.7549
23.5034
21.6633
21.303
22.3407
22.3407
21.8784
22.7549
20.9126
23.3625
22.1586
21.2165
23.1788
22.3423
23.3172
22.0593
22.641
23.3172
22.4224
22.3407
22.4594
22.7845
21.9727
20.7448
21.4709
20.9334
21.7953
21.4115
20.7428
21.9608
22.7549
22.1738
21.3037
22.3895
20.804
22.1938
21.7953
21.3885
20.7041
23.8483
22.7549
22.272
21.8784
23.1788
22.7288
21.6633
22.6849
21.8824
20.9334
23.3452
20.3313
21.0092
20.8322
21.9124
22.3407
20.9517
22.3407
21.0555
22.1586
22.7549
22.3895
20.6648
21.6633
22.3625
20.5364
21.8824
20.5407
23.3172
23.1788
21.6229
21.7953
23.117
21.7953
22.1911
22.3423
20.9517
20.3686
21.1849
20.804
22.3407
21.9483
20.9334
23.6273
22.3423
21.7953
20.4205
22.7549
23.1897
23.8483
22.9917
23.7475
21.6229
23.7475
21.9681
21.6633
21.6229
23.8483
21.1849
22.1549
22.3895
23.1788
23.3172
22.3423
20.6648
20.9086
23.3625
23.1788
23.3601
21.07
22.3407
22.3407
21.956
21.8784
20.9086
23.3172
23.7328
23.6731
20.681
21.6587
22.3895
20.7448
20.9086
22.6681
23.1788
22.3423
20.7873
21.9362
22.1679
21.9681
23.3172
21.3037
23.8189
23.3172
23.3172
22.2053
22.004
23.6273
20.681
20.9086
23.1158
22.3423
22.7807
22.3098
23.5123
23.2707
23.3172
22.3895
20.9517
22.2703
23.1788
23.1788
20.9086
21.5475
20.1955
22.5062
20.6084
20.6973
21.6229
20.4772
20.3142
20.9334
20.9334
23.1788
20.9517
21.7953
20.9086
21.6633
20.6084
22.0593
20.3313
21.7129
20.804
23.3812
20.4205
23.3172
21.818
23.1788
22.3423
22.3407
20.7448
22.3407
23.3172
20.9086
23.3172
23.1788
21.8783
21.9124
21.5834
22.6681
20.804
21.8784
22.0926
20.9517
22.272
20.9086
20.9086
20.9086
23.7413
21.9083
22.1572
21.6633
20.6648
21.8784
20.6648
22.1941
23.976
20.3886
23.1803
23.3172
20.5047
23.8446
20.2727
22.0587
21.6229
21.7833
21.9124
22.3895
20.3142
23.3625
20.924
20.9334
22.5912
20.9334
20.804
22.3525
21.6704
20.681
23.3172
23.7045
21.6633
20.6648
20.9517
21.6633
22.3407
22.1393
23.1788
21.6633
20.804
22.3895
23.8134
21.3885
20.804
22.2251
22.8984
20.681
21.2826
20.804
21.9712
22.7549
20.7873
20.6648
21.07
22.2391
23.3172
23.3172
21.6818
24.0573
20.6648
20.3167
22.3407
21.9083
20.7274
23.3625
21.8209
22.1586
22.7549
20.6648
23.3172
23.7475
23.976
23.1788
20.3313
23.31
22.1082
20.9086
20.9126
22.3423
22.9933
21.7953
22.3423
22.3407
21.3037
22.2071
23.3172
21.6229
22.0432
22.7549
23.79
23.3807
23.7475
22.3407
20.4205
20.9334
22.3407
21.9124
21.6229
20.962
23.1788
21.4447
20.9334
22.804
20.781
23.3172
22.3407
22.6346
23.3172
23.4051
23.7475
20.9086
21.9483
21.6633
22.3407
22.3423
21.9843
20.9334
23.1788
20.9141
24.0603
21.5475
21.5038
21.4115
21.9821
20.9086
20.5407
20.9086
20.9086
23.1788
22.9642
20.9334
22.3423
22.4511
23.0835
22.2282
21.7507
22.7549
20.6648
21.6633
22.8288
22.3407
21.4115
23.3625
20.3142
21.8952
20.6648
22.3407
23.6534
21.963
21.2592
23.3172
22.3895
20.6552
22.5027
22.9642
22.3407
20.9086
22.7807
22.7807
22.2071
22.7549
21.6229
21.9727
20.4772
20.804
22.9976
22.7549
23.6496
24.2489
22.0051
22.1586
21.9124
23.3172
21.6335
20.4205
23.3172
22.3423
22.0593
22.7845
20.9086
22.7807
21.6633
21.514
23.3341
23.781
23.31
22.0926
21.3037
23.3172
20.681
20.9141
23.4156
22.9103
23.7475
21.6587
20.4034
21.9124
21.0181
20.681
22.8161
23.2189
23.1788
20.9806
22.3202
22.7595
21.6869
20.924
23.3172
22.9113
23.846
21.6229
20.804
24.0375
23.1788
20.4205
22.3423
23.6273
20.9086
20.4205
21.8784
20.9517
22.6681
20.9517
21.9124
21.6633
22.6346
21.6229
20.9517
21.956
23.31
21.7129
22.3714
23.3625
20.2944
23.1788
22.2053
21.5638
23.6273
20.9517
22.2053
23.3172
22.1865
21.6633
22.3628
22.8162
21.133
20.9517
23.1788
23.3172
22.9931
23.3172
20.9086
21.8784
23.3625
20.9086
21.7953
20.962
20.1213
21.7129
21.9474
23.952
21.9124
20.9334
22.7549
21.0377
21.9681
21.9608
21.8784
22.7549
21.6229
20.1622
22.3423
21.3037
23.8598
21.0377
23.952
21.5038
22.5062
20.6648
23.5711
23.6534
21.6633
23.1788
22.3423
20.6849
22.6935
21.9226
23.8415
20.681
21.8379
21.0901
21.9775
21.6045
22.3202
20.5402
22.7549
22.3423
20.9086
23.7702
23.4178
23.3172
22.3423
20.6541
21.8783
20.681
22.3407
22.3423
22.7549
22.2251
20.9885
22.3407
20.8984
23.3601
21.7129
22.3407
23.7302
23.8471
22.8938
21.6579
20.804
21.7953
21.1028
22.2251
21.7129
23.1116
21.7953
23.1788
22.5851
21.3639
21.1504
21.8813
23.4051
22.3407
22.6681
21.9608
22.3423
20.9086
21.3313
20.9334
22.3423
22.4511
22.1586
22.1822
22.3407
23.4156
21.8786
20.9334
21.6633
20.7873
21.6229
22.0528
20.804
22.7418
20.7448
23.7302
21.0848
23.0064
22.3423
21.9351
21.4115
23.31
22.8177
22.3407
23.8412
23.6263
22.7549
22.2109
20.8423
21.6869
23.3172
23.7328
20.8704
23.5123
23.0197
23.3172
21.9124
23.3172
22.9917
22.0926
20.9334
23.7177
22.7549
23.3172
21.9712
21.7953
21.1849
22.2053
20.9086
22.3407
23.3625
22.7549
23.3172
21.3313
21.9677
20.804
21.4115
23.8483
20.6648
20.6648
23.3172
22.0404
21.7644
20.9517
20.9126
23.3172
20.9517
23.7346
21.8511
20.7873
20.6648
23.6317
21.8942
22.3423
23.519
20.6552
22.4482
21.6633
23.7444
21.7129
20.9086
20.804
21.6229
20.804
20.6648
22.3407
21.8466
21.6742
22.3423
22.2211
22.2345
23.3172
20.681
23.1788
22.3423
21.6229
20.9517
20.4772
22.3423
22.3787
20.2937
22.3407
21.8784
21.7953
21.393
22.0987
21.6633
22.1468
21.8209
22.6681
23.1788
22.7549
22.7549
20.9334
23.7475
20.6552
23.4689
21.6446
21.8784
22.3895
20.6648
21.8209
22.3407
23.1788
23.3812
23.31
21.8783
23.3172
23.3172
20.804
21.0668
23.3172
21.1707
21.6633
22.804
21.9843
23.1788
21.7566
21.6229
22.1178
21.818
20.681
22.3419
21.7953
21.9124
22.3407
23.8477
23.1788
21.6869
20.67
20.9086
20.9086
20.4205
23.3807
22.7549
20.9334
23.3625
21.7953
20.9517
20.6923
23.7475
21.6229
20.9334
22.3098
21.9474
22.0926
20.9086
23.7475
22.3423
23.1788
23.3172
21.1849
21.0815
23.4684
21.2485
23.1788
22.4684
21.9597
22.3202
23.1788
22.1679
20.6648
21.3037
20.6648
22.7317
22.5679
22.4224
20.3142
21.3885
20.681
22.4468
22.6681
21.024
22.0051
20.9334
23.4051
20.4508
23.8412
20.6923
23.3172
20.8585
21.724
23.1788
22.3407
21.2592
20.6782
21.7974
22.6592
22.2251
21.9124
23.3172
20.9086
22.3407
23.5189
21.3639
23.1158
20.9334
20.7873
23.4178
21.9545
20.9532
21.3885
21.7953
22.3407
21.963
20.9086
22.5027
22.9917
20.9517
21.07
22.2345
20.6648
20.5826
22.9103
22.3423
20.4205
20.6648
22.2071
20.2732
23.319
23.8446
23.781
21.3123
22.5058
23.7782
21.9681
23.3172
20.9126
20.681
21.3504
22.7549
20.6648
21.6229
20.9334
20.9086
20.6648
21.3885
3.9225
-1.6938
4.4094
0.5593
0.0502
-0.1541
-0.036
2.6539
9.063
10.1952
13.5873
-1.157
1.9346
-3.4225
0.1806
-0.4099
19.1783
-1.975
0.8793
10.1589
0.7154
13.6558
3.1005
2.4462
1.3987
-2.116
14.3669
12.2259
0.7195
1.8265
11.5989
3.1215
13.0328
3.5895
12.4749
14.3669
12.4528
0.3871
0.7801
0.8605
11.3129
3.255
1.3368
1.2746
3.6423
-1.5135
-0.578
2.6858
1.4801
14.5001
0.4413
1.9289
4.3162
2.2198
-0.3585
3.9868
14.4604
-1.7174
-0.552
1.8541
17.833
2.3463
12.5511
2.2066
0.8712
1.5936
1.1601
3.3361
3.069
12.4749
11.2242
-5.2087
12.5062
-2.3812
0.0626
8.1693
-0.4224
-0.912
1.5285
3.1244
17.0345
13.8676
0.7677
18.3374
3.8308
3.6032
3.0239
1.5624
19.4724
2.0736
0.9656
14.4381
0.022
0.9227
14.0987
-2.116
1.2829
13.6129
3.1984
14.0542
2.1814
0.8481
0.8269
9.1966
2.5443
13.6374
14.1091
4.6068
1.3632
11.5444
-2.0984
-0.5147
1.3896
2.0473
14.2198
1.1973
11.6611
2.1687
1.3985
5.3118
4.3179
1.6988
0.9587
0.622
-12.0408
-0.7116
1.7503
-1.0322
3.0902
2.9059
14.249
1.8651
-1.6869
9.1627
1.1984
12.4749
9.6305
-0.6092
-2.8086
-1.1507
2.0332
-0.4539
14.4357
2.8629
-2.8599
2.4286
18.2499
-0.3395
13.2829
4.1086
11.3779
14.4676
-1.0401
3.1399
3.8996
-1.7378
0.0061
2.8964
2.2321
-0.9407
0.5232
7.7959
0.0522
3.4521
0.0522
-0.2495
3.0479
1.0826
1.256
-3.0993
1.624
-2.2746
-0.1596
11.0649
12.8219
13.7057
1.2149
-1.3253
1.7952
19.1783
2.1499
1.8892
2.5342
0.3228
-0.3322
1.1916
12.4749
-0.1875
4.4384
1.6073
20.0016
1.9535
3.7151
0.4307
1.7767
2.9844
-1.8563
4.7341
13.6374
0.7159
2.3324
11.2983
14.268
2.8995
1.3228
-1.1999
-0.2289
9.7245
1.827
2.6772
4.414
1.7686
0.9482
4.1795
2.1365
10.0028
-1.1435
2.7834
-1.0042
3.4442
3.9876
0.4091
18.4299
14.4272
1.9222
0.5955
1.4894
19.6644
14.2878
3.8275
-12.0408
2.4975
1.3201
0.1188
11.189
1.6027
1.6414
1.0398
13.5497
9.6624
11.2179
-0.4443
4.1109
-1.7163
4.3605
2.2726
-0.315
2.6181
0.1424
19.3256
-0.3698
0.7679
9.3249
-3.4192
-0.8026
10.5726
2.6517
4.2933
-0.2495
1.908
11.9472
-3.4882
1.2932
10.3036
0.7517
-1.4081
-1.7481
10.6771
12.6909
0.6307
0.5235
1.223
11.2179
18.2499
1.6826
2.2604
13.2472
0.6543
0.9364
12.2259
1.5334
2.2816
2.2636
-12.0408
3.0647
3.0544
12.5738
2.9595
2.7075
4.1869
-0.6912
-2.2331
14.4272
14.1441
2.7273
1.283
1.7222
3.2374
-1.3524
17.0345
2.4259
14.1544
0.856
2.4796
19.9456
11.3198
1.8782
2.2236
-2.2958
14.5426
18.3374
0.1757
2.8262
1.2128
1.6858
4.0245
19.3256
0.9785
0.2726
14.4272
11.5704
0.4346
6.2056
-0.5761
14.4784
2.5425
-0.1068
0.9246
4.051
12.5587
1.9553
1.908
10.718
14.0691
0.4562
3.2669
3.2669
1.5208
14.4272
1.0626
5.063
-4.8095
-1.2934
-0.9217
14.2878
2.7982
3.6451
0.9015
-0.3054
0.4696
14.165
-0.5647
13.5873
1.4348
3.3852
1.2164
2.8438
4.4532
2.0355
2.9765
2.5859
0.7729
1.0077
1.1686
0.7436
4.2742
11.2259
0.2718
-2.0378
-1.073
4.4758
2.7495
-5.1033
1.3396
1.169
4.2365
2.3868
0.011
3.4223
18.2499
13.5873
-0.3616
2.1798
0.3126
-2.056
1.4344
-5.0113
11.1148
10.7633
3.2774
1.7356
9.6778
2.6701
3.0561
0.1892
1.422
1.8253
-0.2037
-3.1266
3.1966
0.8756
1.6766
-1.0161
2.8825
2.6262
1.8176
2.3433
0.9548
13.2829
2.0462
3.0277
14.7131
2.434
1.1385
-4.9024
0.1082
14.0542
-1.4687
2.9586
13.7673
-0.3514
2.1501
3.2374
10.0028
15.3929
3.0002
3.7988
3.2464
1.8137
11.4699
12.1853
3.7151
3.7995
-0.5226
12.2714
4.0305
-1.9854
-1.556
3.1585
3.8471
19.3256
19.4163
11.2983
4.1423
7.5334
-1.5726
1.5612
0.7767
1.6811
0.4743
10.6405
10.1844
10.7463
-2.5185
0.4341
-0.0806
3.4723
3.6198
4.9322
2.6125
1.1577
1.0134
-0.208
14.1091
3.4919
2.6671
1.0001
1.0646
20.0016
-0.4101
0.7376
0.2839
14.5755
1.5399
0.8481
0.016
3.3527
0.4146
-0.3356
0.0862
1.6553
6.5559
1.3381
2.7221
1.3886
2.7999
0.7936
3.0451
14.1091
20.0016
1.6826
14.5426
4.2866
3.7243
13.8488
4.0272
12.4749
0.7826
4.4771
3.1419
3.1446
0.0562
2.4643
14.0542
3.5291
11.5266
1.6314
18.4299
1.1208
1.2226
2.1408
3.1001
3.2464
0.5887
1.3678
7.0963
2.5964
-0.0164
2.5104
9.2654
2.7065
2.7943
3.2191
1.6367
14.3711
0.3857
17.0345
13.317
1.6136
1.5142
2.7273
13.2829
20.0016
1.651
-0.4664
1.292
4.3179
3.4039
3.2201
11.5851
1.6685
10.8435
4.1439
2.1559
2.4461
-0.6267
1.8984
-0.7127
1.3619
1.047
8.7304
-1.5183
2.7066
17.8988
1.626
0.8384
1.1178
3.9733
14.6163
1.2536
2.7781
0.8079
-0.2796
0.8994
3.2862
0.6267
13.4562
5.3597
1.1577
0.4627
2.1571
1.4716
0.7229
4.0969
0.4685
1.3246
1.8184
1.0826
1.251
3.0104
2.9726
9.6282
18.4299
-0.5902
0.0668
0.8454
1.9749
1.5619
1.0919
11.6068
3.3061
2.598
1.6537
-0.0926
1.9247
15.5013
13.2829
3.8747
0.6456
13.7673
3.0307
-0.0556
1.2236
2.9161
2.9206
3.3761
14.2353
3.1274
0.55
6.5559
1.4271
2.2596
0.8384
1.1592
11.6611
3.3596
1.8545
9.6039
3.527
3.9654
2.9067
2.9755
-0.4329
14.1091
1.5557
-0.2086
14.4272
3.234
0.7693
12.4749
0.0792
4.2768
2.9861
18.2499
-0.1885
0.702
19.1656
3.835
14.5001
1.9665
2.1221
3.121
13.2319
19.6644
1.0494
8.7304
3.9175
-1.0038
2.0653
3.0139
12.5587
2.3647
19.2285
0.1072
2.5357
2.1836
10.6847
14.7267
3.1015
0.8909
3.2293
1.2914
-1.3957
1.8648
14.3669
2.795
14.2015
1.908
14.4272
2.4408
-1.1143
1.1736
3.7757
1.2023
-0.7817
-2.9538
-0.2569
-0.5432
-0.0819
-0.7127
1.7227
20.0016
1.8321
3.0978
1.2822
2.891
4.1058
-3.1011
18.3374
4.7152
0.0595
-0.6663
13.3286
2.3919
2.0099
11.5184
1.6408
2.0821
1.5498
-0.4099
-0.1348
3.1952
-0.1501
1.8437
0.055
2.5897
-0.7443
1.4192
2.749
14.6796
4.4453
2.1694
0.1574
13.7057
1.3402
1.605
-0.1508
2.1237
18.2499
10.9566
0.5196
0.1179
14.1091
2.7627
1.7447
4.8208
-0.3761
-1.4092
2.5776
3.1708
14.0593
2.2487
20.0016
1.5069
-0.9907
3.0554
1.344
19.364
-0.6585
0.3404
9.7245
1.7501
4.8655
0.382
3.5847
3.5615
2.0404
3.1427
1.7068
3.2325
-1.4689
1.5999
-1.0444
19.8919
6.2242
13.5497
2.94
-1.4357
-1.4851
3.3223
-1.3468
2.8149
3.1793
11.1162
0.7061
0.3898
19.1783
4.0867
2.1599
2.3282
1.6344
2.4632
1.4446
2.661
1.4169
2.4469
2.3578
8.2307
4.0739
9.5121
11.811
11.2983
2.7361
3.1408
10.6203
1.9134
0.8983
2.4462
2.7471
1.9861
1.7516
3.5165
3.359
-1.2831
2.6827
13.6496
1.6652
0.495
2.5805
0.7327
3.9498
0.8759
2.8347
3.013
-1.5758
2.7295
4.3624
1.9593
1.5194
3.0735
20.0016
1.112
3.0641
11.8279
2.8328
1.4715
0.082
10.5881
0.9526
4.2759
-0.0342
-12.0408
-0.6581
-1.516
3.048
3.4979
3.1856
2.4553
-0.8538
2.8102
3.3506
-0.5826
-1.1862
4.7156
4.0428
3.0359
1.4439
2.34
11.6782
3.3997
14.1441
-2.2354
-0.9591
-4.0059
1.0006
8.7304
0.4285
2.634
1.7708
1.772
3.2122
11.0933
0.2427
1.5651
1.3632
14.4669
3.5636
-0.7366
2.3513
2.1779
8.4448
2.7047
0.0502
-0.1734
3.0961
11.0536
2.0152
1.7942
0.0502
0.0783
1.5256
3.0635
-1.6938
1.8657
-3.2187
18.2499
1.9134
13.0726
11.8462
4.5812
0.3878
2.0554
2.1901
12.2001
-2.116
17.0345
3.5665
2.3648
10.718
3.1484
2.4075
-0.9873
11.1632
1.4359
-1.1365
0.7332
-1.4234
3.1005
-2.1902
-1.8695
2.5133
1.5219
-1.6938
13.79
11.6782
6.2839
-0.4009
14.3304
17.8988
9.467
0.5624
7.7959
18.1794
4.0596
0.4728
9.6039
3.46
14.3383
2.5682
3.8932
2.6558
-0.3625
-1.336
4.0703
13.9273
13.5873
-0.1882
9.7679
13.0328
9.1967
1.0992
10.5775
10.7697
-1.255
-0.5513
-1.6626
-0.9916
-2.0843
2.5047
1.8409
8.7304
3.1786
0.9337
1.1954
14.5426
19.1783
1.9146
5.1469
1.4764
3.0445
4.1343
1.6148
2.4645
3.5685
2.8081
13.7939
-0.1348
-0.1116
-2.163
1.6703
2.7336
2.6441
-0.2798
2.4462
3.2815
12.5587
18.2859
-0.5905
0.0897
-3.4435
12.6013
1.8984
1.3949
14.5001
2.6484
1.365
3.508
6.5559
3.9881
8.9985
1.5136
3.0734
9.6039
17.054
19.5356
13.5873
4.7474
2.2723
1.9603
11.102
2.3396
1.6518
10.0028
19.767
-2.0738
0.5827
11.7886
2.894
18.3374
-2.0254
1.801
10.6847
10.6847
20.0237
1.265
2.9039
3.5273
8.6955
2.7336
14.1091
1.1652
1.7806
5.4801
2.7891
14.268
3.423
-1.9077
-0.1083
-2.7157
13.7348
4.0999
1.5005
0.7793
5.4152
2.1147
18.2499
3.3812
1.1385
1.1061
-1.6779
13.8152
2.3168
9.9538
12.9029
10.5522
4.4225
0.8638
2.7066
0.4489
3.1511
0.2839
17.9732
0.5007
1.7281
3.1232
9.7768
4.3083
3.1979
17.4568
-0.8646
13.2829
-0.0809
1.9981
13.9787
14.0759
3.8004
13.7387
0.7586
1.774
1.8162
3.363
12.2071
7.7959
0.951
3.1619
0.4628
10.7551
3.5616
-0.2821
16.9792
3.6349
1.1356
14.1661
12.4528
-1.012
1.2575
2.1147
14.4272
2.9945
13.6374
9.3898
3.281
18.2499
3.1728
3.0946
1.5945
1.986
1.5524
-0.964
4.1291
11.6782
14.235
-0.0649
20.0016
3.5258
16.6555
9.5603
4.7757
-0.003
0.2794
6.5559
-0.1096
-4.2624
0.2894
9.0783
0.4782
14.5001
2.8124
2.1428
1.2388
2.9921
1.948
1.5322
3.7902
3.1763
8.9812
0.9202
1.3283
3.1907
19.1656
3.8279
11.9568
18.4724
3.0193
-0.0042
14.3669
3.9501
2.8416
-0.1308
12.4749
2.434
3.3324
14.4272
-1.6938
-1.7758
1.8713
1.5648
1.9134
3.5308
3.2374
1.6284
14.3669
2.3179
-1.3006
14.3383
-3.7427
2.8238
0.2611
1.6387
3.7363
14.0542
1.1888
1.5005
12.5587
1.6502
10.1264
14.0987
-1.0414
14.4272
0.7568
2.1551
1.0622
3.0311
15.2511
2.4066
3.3428
14.3669
0.1547
1.7677
0.1345
1.0127
5.4801
3.1281
11.6611
13.0475
3.5112
-0.6047
-1.7877
4.7497
-3.8576
1.4282
-2.6223
18.3374
3.0976
20.0016
3.5438
-5.9678
1.3297
0.8141
9.342
0.3549
-1.5839
1.9665
11.5405
14.5001
-0.4099
14.4272
-0.3288
3.6531
1.9385
-0.5144
1.5728
13.5497
1.6842
-0.4391
1.4483
0.7452
2.8468
5.1926
9.3804
1.6725
-0.8773
1.8232
1.7081
3.6736
-1.1841
2.9812
1.1035
2.0661
3.5336
2.9532
-0.4614
12.1853
-0.2439
-0.3043
14.1091
3.207
0.1151
-2.2983
2.222
0.0783
0.2308
3.0124
10.8698
13.5873
0.4885
0.7
4.0596
3.1658
2.956
0.9814
-1.556
5.4801
1.9346
3.0874
-0.0019
0.655
-0.0753
3.1032
11.5877
3.1966
2.2351
0.389
19.4633
1.0388
-2.5207
14.1677
0.3092
0.0099
-0.6148
2.464
-1.3251
2.2547
0.8491
13.8354
1.1068
3.6716
1.7523
1.6739
3.4777
-1.014
9.4605
20.0016
1.5891
-0.9442
2.0271
2.4417
-0.9085
2.6256
2.499
2.9124
3.1032
3.6742
3.7304
-0.7964
14.4476
1.0461
-2.506
3.3138
1.1916
3.3297
-1.0206
11.8279
-0.6004
1.1536
13.8488
-12.0408
12.4749
13.7673
13.5497
2.1033
14.5018
2.6292
14.1544
11.2983
-0.2331
11.6611
1.5644
0.9999
13.5873
-3.8275
0.5892
-0.0352
0.1301
-0.605
3.9501
3.1005
4.6892
0.2329
1.9966
0.29
0.6861
-1.9085
0.76
0.6547
0.8879
3.2376
1.5073
13.7961
3.4172
2.8656
11.5456
-1.3334
1.6851
4.8
3.2222
-0.7794
2.6244
0.9472
-0.9289
-0.3126
8.9475
9.6039
2.5543
-1.4311
2.0543
7.7959
4.491
-3.0779
-0.4099
3.7353
10.8009
1.3538
1.6203
14.7131
1.4114
-2.7945
1.4081
-0.7989
14.165
1.7112
-0.7469
13.317
-2.5873
3.8232
0.3085
2.2521
3.4689
-2.037
-0.132
-0.7996
0.1544
14.5426
0.8266
14.4272
1.9875
2.092
2.2237
0.6959
3.3933
-3.6168
13.5497
-0.3218
1.5728
0.5331
1.4677
2.0493
-0.2178
-0.3303
0.9107
10.5881
5.3136
11.0264
3.3727
2.8683
2.5964
5.1135
-1.0585
2.2795
2.5054
6.5559
-0.0896
1.1084
1.8892
9.5407
3.7353
0.6637
-0.4187
1.85
-1.0314
14.4541
3.1721
10.6847
1.7767
19.4632
11.4767
0.302
14.4272
-2.0853
0.8342
2.4193
1.0843
0.0266
4.5124
6.5559
1.3483
14.1638
4.5541
13.1232
-0.9403
0.3616
10.5415
1.7142
14.4272
2.157
10.1264
4.2544
3.3324
4.5556
1.9314
-1.2532
2.9823
-1.0397
4.242
18.3374
1.1817
1.5242
14.3669
14.4476
-0.8691
-0.469
2.5009
13.511
1.5525
3.3576
13.8488
1.1169
2.9652
14.5426
-0.9067
1.3952
2.5128
-3.995
1.7869
11.6611
10.718
1.9229
0.1106
16.999
2.8502
1.0223
0.8407
3.6846
14.1091
1.2351
0.5
0.0783
2.0924
14.023
1.7172
2.5188
14.5426
3.0301
14.3669
-0.5414
3.3893
-1.0176
10.5174
9.2654
1.3218
3.4905
1.9708
-2.2454
1.2469
4.8913
1.5411
1.4383
3.1071
14.2792
1.9665
1.8984
-0.8791
2.1868
1.8479
10.6203
2.1557
10.6847
3.7821
17.7595
2.434
13.5497
14.3995
1.8564
1.4479
10.5148
2.6274
-2.4039
17.7473
0.0921
2.1479
0.5364
3.2473
1.386
12.3886
14.1544
13.5497
2.1967
19.8002
2.7459
10.0981
3.0866
9.8557
3.4061
2.6858
2.5128
7.7959
14.4272
3.4779
3.8431
2.2339
3.719
-0.5571
-1.1939
0.8594
3.7043
5.5908
0.946
1.9304
13.8722
-0.7699
3.4689
4.0678
2.9323
4.814
-1.0911
0.8501
2.9485
14.1677
1.1851
2.3788
2.9941
4.1343
1.1202
3.6189
3.0739
-0.5821
2.1401
13.3509
9.533
2.0392
3.8511
1.1153
11.5342
3.0612
2.6222
0.6091
0.3128
2.0311
4.6068
17.8988
2.187
3.9744
2.2577
-0.7854
17.9732
2.229
8.4448
10.9432
4.1203
-2.8334
0.8732
2.7888
19.4633
-0.1287
12.7521
3.0144
-3.2236
0.0721
1.5154
4.8066
14.2878
3.1604
-1.1026
11.6611
2.6077
5.4144
0.3141
3.304
14.4242
14.4541
2.3197
0.1876
20.0016
18.2499
2.0567
2.8636
12.7974
4.3382
4.1332
0.0914
19.3256
-3.0785
3.1959
2.2979
14.1938
3.037
18.3374
0.8377
1.9716
-2.3917
3.1438
-3.1475
1.9795
12.4749
1.7897
2.9276
-1.0288
-1.0044
2.9022
4.2478
0.4492
-0.0897
3.0651
3.1437
-0.1107
0.1663
1.0354
14.235
-0.3146
4.2912
0.8935
3.3706
2.4423
0.94
3.1455
10.5847
2.9595
-2.116
-0.0454
20.0016
14.3095
2.242
1.9763
3.7755
14.3669
2.4488
15.1751
-0.905
1.7604
3.9867
10.7805
4.9695
-1.4951
18.3374
14.2706
3.9501
14.4541
10.6847
2.2401
4.0971
13.2829
1.4716
1.0216
0.9178
19.6644
3.2318
-0.3224
13.5497
13.6129
1.9146
1.0698
-0.2632
1.1178
3.938
2.8575
-3.1146
-1.0271
4.1038
2.9802
0.0783
3.1526
-0.3801
0.3533
14.2878
0.4279
7.7959
0.2555
2.8015
13.8152
14.5001
-0.2014
0.1676
17.0345
-2.1302
13.7833
3.8651
2.7066
13.9444
1.6429
0.4433
3.3625
-0.6141
10.1264
-0.4872
3.8554
3.1005
3.3761
14.1091
0.8622
0.3149
-0.6033
3.2798
14.7131
11.2983
10.5782
14.5001
0.4723
0.3957
4.3179
-0.3333
14.3429
13.511
-0.4443
1.1527
9.3354
17.0345
1.1454
1.7863
4.0168
-1.7683
13.5873
3.3978
0.8261
-2.116
-1.0084
19.9211
2.4651
1.2131
10.4831
0.9372
0.6375
1.2918
14.4828
1.2242
12.4749
1.7117
11.0711
3.1526
3.0239
14.0212
-0.3866
1.3366
2.9785
3.7043
0.2869
-0.052
14.2074
2.8648
1.9898
2.2506
-0.4569
1.2038
0.0421
-0.4187
-0.47
2.9185
0.7968
14.4272
-0.5253
1.6873
11.5877
1.2722
13.4747
2.282
13.2829
3.0682
3.0521
17.0345
-0.4468
3.6399
1.9665
-2.8639
5.8374
2.4299
-1.3385
2.9864
1.3491
2.4327
19.5356
8.8437
11.6068
5.1901
2.1614
1.6632
0.9493
-0.7443
8.3558
-0.6914
14.7761
2.0843
0.5573
-2.4402
13.5497
0.0834
-0.4928
3.7902
1.6235
0.6799
4.0373
5.2135
8.7304
14.3669
14.4272
1.1294
1.229
1.8951
13.5873
4.7017
-0.2681
7.7959
-1.142
-1.2542
3.2764
2.1104
3.8004
1.6284
3.0168
1.6786
2.6744
14.5426
3.3384
2.7246
-0.2194
0.963
-2.4887
0.5962
2.434
-1.6004
3.7802
14.2878
14.4242
0.874
-3.6511
10.0028
-0.6622
2.4641
12.1708
-0.6448
3.7821
3.3144
-1.3973
13.79
1.2639
11.0826
-2.2664
3.0494
14.2198
-1.361
-0.5967
11.0799
3.1701
10.0275
-0.6553
-1.8707
2.9785
4.068
13.5873
14.4272
3.5227
3.0611
3.4505
7.7959
0.9888
4.544
1.1943
2.5751
14.2263
0.29
0.9786
3.8996
0.8219
4.0999
1.0619
2.7655
14.5018
2.477
-0.0927
-2.6824
3.8535
-2.5796
0.5602
-2.4116
4.7023
-2.3262
1.7339
2.506
3.2136
-1.9587
2.9079
-1.4319
3.886
14.4784
4.9443
15.0291
2.4982
3.2945
2.4553
2.0302
4.3067
2.0799
-0.8596
0.5981
1.6502
20.0016
13.9981
12.4749
-0.8925
0.1808
3.2731
-0.8194
-1.0204
10.5847
10.0707
11.9648
1.6971
14.4272
2.0325
2.9485
1.8279
-0.5502
8.2872
1.1048
14.165
3.7271
3.4881
-1.7204
2.7287
0.5668
14.5001
1.446
4.2484
-2.9916
14.4272
10.7251
1.9256
0.1467
0.5794
2.3362
-0.8109
11.4146
14.1456
-0.7448
14.4541
2.7996
2.0238
-0.7254
4.665
1.6302
8.1291
1.1777
3.2911
2.7707
-1.1983
1.6355
0.1415
0.7058
1.0687
13.4037
13.7419
1.5712
0.2008
5.1024
2.3276
4.9434
-0.8334
4.0719
12.4749
1.2206
3.1499
2.6261
13.5873
-0.0318
1.3638
0.0784
1.012
1.7018
14.4272
-0.3198
1.5728
1.6169
3.0608
2.6763
2.3255
0.321
2.822
19.8002
11.6849
13.2829
-1.3955
-1.0752
2.4462
4.0678
1.8088
-3.0924
14.6202
2.9457
1.0826
-1.1483
15.2156
3.069
11.3198
11.6068
11.0769
1.9811
-2.5283
3.5554
0.5242
-2.3354
3.1326
1.9955
3.237
19.4724
11.5352
0.4777
13.5873
10.0967
1.0223
1.5607
2.0663
1.1788
-0.3432
-3.3893
14.749
10.5111
0.0288
14.4082
-2.5931
2.2047
1.3537
4.4637
1.1954
2.7525
0.523
17.7595
-1.7446
-1.3833
-3.37
3.5696
14.4272
17.0345
1.6219
-0.5121
2.5884
3.0301
18.2499
-0.3864
14.4272
19.5322
1.4063
14.4082
0.4201
2.21
-0.2289
14.1779
8.9707
0.8619
-1.4558
1.6033
0.2068
1.6304
1.5688
5.1039
3.3419
10.8771
1.6416
0.7425
0.5015
0.6997
0.4436
-0.2635
0.5841
1.217
-0.2557
4.067
-0.3423
11.0536
3.0682
1.3734
14.1267
2.4462
-1.715
2.2072
3.0222
0.6653
16.8247
14.5426
2.4121
4.0245
14.7131
-1.1375
2.7337
2.3051
1.4305
0.5393
-1.3973
11.5086
1.2147
18.3374
1.0158
14.5938
3.234
1.8291
13.7057
1.4205
14.4476
19.9456
2.8164
10.0028
-1.0278
20.0016
14.0876
4.4112
3.1264
0.29
-3.0145
-0.7224
1.8988
3.7176
1.9302
-0.7566
13.5873
13.7509
2.3739
-1.5013
3.809
6.3116
5.1505
14.4476
14.4272
1.2263
2.6244
-0.2289
-0.5879
17.0345
-0.9284
14.4082
3.0912
14.3669
1.9345
14.4476
4.218
-2.9286
3.6051
-0.6056
1.0769
2.0179
3.5897
-0.9413
0.2392
-1.1254
4.414
-0.3016
3.1215
1.3672
0.6218
0.9049
3.525
8.784
0.5968
18.4724
0.8561
3.9864
2.894
3.5207
1.7353
0.8805
1.6421
-0.5144
-0.367
14.4242
-0.5144
2.8874
3.1949
4.8329
4.5881
0.0961
1.5859
-0.0365
2.2383
1.4133
1.2707
-12.0408
13.2829
4.068
18.2499
4.27
2.6858
1.7709
1.7354
1.179
0.258
14.235
8.1359
2.6634
11.5266
2.978
1.9348
2.1303
2.104
-1.2384
14.4993
-1.1091
14.7267
1.3876
14.1091
11.4479
4.1405
14.4272
1.7898
-0.548
-1.1464
11.7879
2.1281
0.968
1.7819
4.6223
0.9491
1.7582
-1.357
2.5467
-0.367
2.7819
2.387
12.6735
3.1907
0.3573
2.8721
0.6653
2.4764
13.4795
20.0016
2.9942
2.6274
1.9627
2.7053
4.0188
13.5873
8.7304
13.2976
1.4141
11.0321
3.9599
0.593
0.5211
-0.3799
2.9436
10.7545
1.9216
1.9146
1.5717
14.4541
14.3185
4.6931
13.7057
-4.3561
11.1074
2.7177
9.6039
-0.8845
-0.0369
11.6731
16.9559
11.3198
2.9151
2.3203
1.8045
-0.2357
3.7956
18.2499
1.4339
3.0434
-1.5563
2.5964
0.9531
3.3255
3.813
13.7195
1.6314
11.6109
0.9734
0.3462
3.1852
10.1354
-0.7117
-0.1308
5.328
0.8816
0.0881
4.3008
-1.6065
3.3696
14.128
4.207
2.8566
5.4733
9.6039
11.2508
14.1544
1.9273
3.2766
2.1269
1.6955
1.3611
-1.3135
1.1236
-4.215
1.4617
11.9655
1.5898
1.9449
1.9134
1.0173
14.4828
1.908
4.0272
0.5161
11.037
13.6374
14.5018
-1.3973
-1.7724
1.0225
-0.1589
3.5608
1.2244
0.3244
20.0016
14.1638
1.9249
0.3288
4.4392
13.2829
2.6524
1.426
2.8416
10.9566
3.9599
4.7868
1.9721
9.6106
1.4966
3.1081
4.2781
-2.5484
0.1917
10.5395
11.5086
-0.6584
3.0445
1.7442
3.9134
10.7159
1.7031
4.9547
9.5374
2.9018
11.3198
0.6784
17.7595
-2.3181
1.0215
14.3429
4.7238
12.4749
2.0644
19.3256
-0.2474
4.0997
2.7679
2.4171
-0.5865
12.1882
1.58
-0.3238
13.5873
0.9623
3.3121
13.9515
14.258
7.8409
19.6644
1.5892
-0.8964
-1.5198
13.7209
0.3422
3.221
14.4194
0.7222
-0.6714
-0.6702
14.4272
0.0726
0.3966
14.4272
0.0253
13.5873
2.9094
1.7584
14.4541
-1.6891
10.5356
3.6136
1.5636
14.1091
1.8984
11.189
2.3733
14.2198
1.6569
2.0727
10.6847
2.6916
2.5964
4.0003
-0.2024
1.081
14.4541
2.1539
14.5018
-2.5297
-1.9466
11.0701
2.8093
1.2516
14.1661
-1.147
1.9266
-0.5351
1.1359
3.508
13.8009
-0.6426
0.7833
12.3308
2.9248
5.766
0.9935
3.1455
2.4921
2.5737
-0.9763
1.7469
4.068
14.0542
1.9902
0.808
1.9517
2.3154
2.8761
-0.0109
20.0016
6.5559
2.4477
1.2657
0.6704
-1.6938
0.9355
2.6321
1.9758
3.0682
8.3904
12.5062
18.2499
1.9146
14.5001
1.9951
-1.1408
2.1899
-0.188
-1.6678
0.1309
1.834
1.7983
1.7845
-0.5538
0.0073
1.4966
0.4606
0.5373
10.6546
9.1595
3.1117
-0.776
3.6825
9.7129
-0.0938
3.048
2.4861
1.8129
4.3469
2.7066
-2.056
18.3374
14.4272
0.2087
10.6847
1.8052
14.4272
2.749
0.5386
14.4272
6.4908
1.6219
10.9571
2.4368
1.7813
14.4272
2.5256
3.5291
-0.3261
-1.2553
0.2693
8.9475
10.809
4.6565
10.0028
1.8337
1.6252
1.2959
-0.999
1.3038
2.5306
3.8004
3.1751
0.0793
3.9599
2.1298
-0.5414
4.3604
0.3563
2.35
-0.1245
2.271
1.2809
2.7191
-0.2611
4.717
14.3669
14.6048
4.2077
3.3649
0.4776
-2.112
13.2829
0.5215
10.7771
2.4632
2.0751
1.0436
14.7131
1.4256
1.861
1.2032
0.735
3.6105
3.0021
2.7075
2.6469
3.1978
4.2827
10.1923
13.4696
0.3185
1.9144
0.857
1.2688
14.5218
1.2559
4.3604
4.2798
3.4999
14.0445
3.0604
2.2631
2.8105
17.7595
2.8421
1.772
-0.2883
1.9613
1.9471
-2.2123
11.4479
2.434
5.0299
2.1539
3.2576
5.0688
3.8996
2.3141
2.9708
14.4828
2.9099
14.2198
-0.3426
2.834
1.4083
4.2824
-0.297
3.1408
2.4521
2.4128
7.7959
13.0231
-2.093
3.7233
14.5018
2.9482
2.1521
1.1697
0.9854
0.1069
3.1275
4.3299
0.8723
5.0026
3.2641
-1.3509
-0.2151
0.4325
3.4367
2.2041
-0.2568
6.5559
1.9146
-0.8369
1.0192
14.7131
2.5905
4.3826
2.1799
10.5657
2.4715
2.3831
2.271
2.749
2.0995
-12.0408
14.3669
-0.8109
14.1091
0.9072
-0.1231
2.1382
4.814
0.0326
11.6068
3.3761
0.362
0.26
0.5705
5.1955
2.7251
14.3387
5.2335
-0.0182
2.1095
-0.1334
-1.9344
8.7304
-0.3884
19.9456
17.0345
19.4699
2.0475
3.1413
13.5873
1.9566
3.3011
17.054
14.4784
-1.8602
10.9432
14.3105
9.5528
14.4272
-0.0342
3.2745
0.631
3.5337
3.2424
14.7131
1.0876
5.8466
4.1619
13.6086
3.9225
3.345
-1.2135
0.672
1.8648
3.4398
0.1976
3.7821
1.2178
1.7867
-1.7047
3.5302
0.3317
0.1928
0.1232
2.2821
2.0104
20.0016
-7.0874
2.9595
2.9755
-4.4158
3.6641
9.3204
3.2018
2.3401
-2.1296
1.3292
1.4748
2.369
-0.9899
0.2011
14.1544
9.9461
2.3086
2.9571
0.2094
-1.1886
3.3812
12.5587
1.6123
2.416
0.8494
3.5478
0.5195
-5.3883
0.3247
0.0653
3.3262
1.265
-0.8743
1.265
0.0693
10.5694
2.6876
9.5923
0.0824
1.3396
3.2193
2.3686
14.1091
1.8316
14.4272
3.1117
11.2149
0.6932
4.2513
-1.8209
3.2911
1.2616
3.4643
3.434
1.9362
0.5651
2.3234
14.7131
3.3061
0.3455
14.6163
0.0178
0.783
2.5943
3.4324
2.8074
14.4272
1.1103
2.3956
19.7281
12.4749
1.9665
-0.4833
-2.078
1.5173
10.6847
2.6501
3.0486
-0.0984
0.7954
4.3423
2.9755
10.8009
0.018
13.7057
-0.2101
4.3855
-2.4992
2.7178
0.9839
10.5148
2.5854
3.0787
14.6755
-2.8167
1.916
13.5873
14.1091
2.9785
2.6244
0.8898
0.0812
18.4299
1.3769
-0.5095
11.0666
1.8316
18.2859
0.5649
2.0323
4.2866
0.2458
16.987
-0.2073
11.9472
19.4724
9.0537
4.2829
2.0578
17.8988
14.2274
13.2829
1.0708
3.2303
-4.2064
2.828
1.2164
1.7459
0.5282
19.1783
14.5426
14.4272
2.1625
14.4272
13.7673
2.6693
19.6644
0.6294
2.8388
-1.9238
18.4299
-0.6195
10.966
3.9733
0.4011
2.9655
14.1091
18.4299
0.5151
-0.2731
3.1659
3.2595
3.5193
3.234
3.9788
11.4479
4.4971
1.6963
14.5001
-0.9556
2.5879
14.4272
2.9663
14.7131
2.0387
12.3165
2.3129
1.2034
3.6016
-0.0736
-2.7346
14.2878
0.0185
-2.2526
-0.2462
13.5873
10.5847
13.8488
9.8937
14.3647
1.6456
14.4272
1.9146
4.064
11.9307
12.4528
13.7387
2.6525
0.7906
-1.2238
14.9985
20.0016
0.0228
-2.7157
1.7664
1.2905
0.9735
13.8508
1.1258
2.4111
2.6701
13.2829
2.4203
1.2515
0.752
0.9744
3.932
-1.0218
-0.3988
4.6478
10.0028
-0.8878
1.9146
2.0151
0.206
3.5378
1.8694
10.8698
2.3853
2.0124
2.09
-0.8729
4.4094
0.1436
3.9903
2.0462
1.9134
0.2158
3.8556
0.0073
2.7063
3.8786
2.6262
9.4445
4.1332
3.6654
2.2798
1.8631
3.2122
3.196
-4.5047
1.2558
2.6458
1.7751
0.1095
12.2852
-0.7236
2.1501
11.9428
1.8194
3.0461
1.0136
13.5497
-2.3188
3.6182
2.2655
10.5047
12.3616
-1.165
18.2499
12.5516
0.492
14.0987
11.5877
2.9638
2.9377
1.9258
2.2234
1.477
0.3728
1.7809
2.7457
2.928
11.2192
15.2469
0.2967
-0.7443
14.6163
2.1683
2.9316
0.047
3.0521
-2.1561
9.5903
4.1322
1.8672
2.506
3.0193
13.7961
14.7495
1.0057
0.3694
0.0839
1.5017
2.4495
-0.3551
14.3772
14.4784
2.9828
2.2352
0.7303
2.6526
0.6071
1.2592
3.8996
3.513
14.4993
2.3044
1.5026
9.2049
3.1005
3.2948
2.3202
4.3011
14.1091
11.0666
14.0542
12.7792
2.2194
-1.7013
14.1339
0.3982
14.6302
2.9981
-0.4065
-0.952
2.4899
4.9868
0.8313
1.0525
-0.4499
2.9742
14.4272
-0.072
20.0016
-0.7151
14.4272
0.7782
0.9835
14.4476
14.2263
3.7032
1.5859
-2.5597
3.1277
0.951
1.9708
13.0475
14.5018
1.0177
11.2052
0.1233
0.9354
7.7959
5.0216
-1.556
2.1197
-0.2971
13.6129
1.4116
0.7195
13.7673
1.9363
0.2875
5.1549
1.2902
1.9146
11.2531
2.1366
2.0769
1.693
2.6799
3.1275
1.7296
4.9666
0.2605
14.0815
-1.001
10.0028
13.2829
0.8223
13.6349
0.4326
11.5405
-2.6331
2.338
-1.7039
0.2797
1.0492
12.4749
3.0047
1.5566
0.0588
2.8049
1.8953
0.8578
5.0909
2.6699
5.5116
2.1486
19.5356
3.8851
3.0841
2.225
0.8543
3.0677
2.4008
3.9271
0.3245
3.0255
2.8076
0.5303
3.6758
3.6948
0.4407
14.0542
0.1846
0.1313
-0.0157
-0.801
3.4582
-0.9042
18.4306
2.0345
-1.0926
14.5426
14.6649
14.4541
-2.7547
13.5873
1.8177
-3.4846
1.9987
10.718
2.3301
10.6847
9.5603
6.176
4.5205
-2.0965
-0.0706
-2.116
18.6502
2.1706
11.6283
2.7411
12.4749
3.9658
2.9316
20.0016
18.3374
4.6322
3.8643
14.4993
2.3158
4.0171
2.4692
0.0514
-0.5109
3.8996
9.2813
-0.2289
1.9644
1.4036
0.0477
3.0682
1.1644
13.7474
3.8004
13.4562
12.4528
-1.4894
2.6573
3.9211
4.6941
1.267
2.4925
5.1607
3.1238
11.2983
2.377
10.9571
1.1772
0.8366
2.6878
4.1546
3.1149
0.7123
2.9864
3.6187
10.8769
1.1017
19.5398
-3.1244
1.6484
1.6578
10.0028
2.7487
2.9655
-1.029
18.1198
0.0492
2.4294
1.6778
11.0649
1.8924
17.3183
3.4426
3.2287
3.7866
1.6585
-0.1971
1.2799
3.2791
2.378
0.6458
-0.0261
3.5061
2.4017
4.2316
13.6949
20.0016
14.4272
1.6502
2.7947
0.6004
0.4814
-4.4137
4.9407
2.7495
3.9501
12.4749
1.0202
2.2395
0.5255
3.9465
0.4394
13.5497
10.4743
1.6127
2.387
2.3418
3.7051
0.0434
1.6613
13.5873
2.3602
2.964
2.5124
-0.3303
3.8851
7.7959
3.6417
-12.0408
11.9662
1.5175
0.066
19.658
18.2499
0.8378
2.4097
3.0036
4.0981
9.4605
2.3687
3.7844
1.9708
-0.5414
3.5469
3.1701
0.9673
1.3313
0.9987
1.5287
2.8249
0.0077
17.7595
11.0467
18.4724
-2.116
4.9996
2.7024
10.7952
-0.0478
1.3619
1.2974
1.2844
13.5873
5.2328
-0.2427
14.5018
2.6045
-2.6613
10.1264
4.0613
9.5603
2.1976
1.6882
-0.7366
8.7304
0.9124
0.829
-3.0993
0.9463
2.6522
2.749
2.8358
0.3759
11.6611
2.0551
2.6757
2.1946
3.0213
1.0187
0.4486
12.4749
1.9134
0.0783
3.5326
-0.6665
1.9348
1.3698
2.7097
2.8659
-1.5984
4.5906
0.0176
2.9622
-0.7503
-0.4764
2.8015
2.1926
2.993
1.1088
-0.1249
9.0793
2.5751
3.4418
18.2499
2.0977
2.447
-4.6544
2.8315
3.1582
-0.1658
4.3085
0.0091
13.5497
0.4724
14.4272
1.1264
4.7982
-0.4596
1.6711
0.3503
2.1798
2.6895
0.6665
2.9755
-1.5439
14.1091
-1.2706
14.4993
-12.0408
14.6796
3.1405
17.7595
-0.9292
9.2251
0.1142
18.4299
-4.6222
3.8878
1.3565
3.2025
14.6048
2.7376
0.2635
1.0435
0.8967
-0.1521
14.1382
13.5571
11.2983
13.6374
-0.5775
13.2048
1.6274
-2.5185
0.1893
18.2499
2.5831
0.7443
-1.6674
14.4272
2.4961
3.556
0.2326
3.3287
-0.4107
0.4712
5.3578
-0.4563
11.246
1.4001
19.6644
-3.9296
14.3515
1.6731
12.4528
-0.4692
0.8817
1.5859
1.8505
-2.9043
13.6121
2.8772
3.7231
1.672
0.9476
2.5545
8.7605
1.0826
-0.6753
9.4547
14.5426
-0.4728
1.7991
-0.8546
10.0101
1.9665
1.0274
3.0022
10.5148
-0.9705
2.3954
1.4978
0.4782
2.925
-2.3097
4.338
-1.6316
12.4528
1.8321
-0.2289
2.9532
-0.1673
2.991
14.023
12.4749
6.5559
-0.072
1.484
1.0806
13.3247
9.2251
3.3342
0.3244
0.3395
0.9972
1.0306
13.3552
8.7304
-0.3146
2.1756
11.2015
2.7809
14.3772
14.4272
14.3669
1.9761
-1.1683
0.6785
12.6343
0.6302
1.0305
14.4343
-1.4068
3.8069
20.0016
10.1284
7.837
0.4463
0.4284
1.3061
10.6847
3.965
18.2499
1.4354
10.299
11.3198
2.9655
0.6822
12.4749
3.6414
9.0333
0.9348
0.6994
11.584
0.0649
-0.4541
1.3569
-0.7933
11.186
10.1952
11.6611
0.6829
0.1997
2.6534
1.6736
-0.2967
13.197
14.3669
-1.8561
2.1294
1.6376
1.2362
10.8698
2.6059
13.4037
3.0253
2.4837
3.1437
2.5854
2.696
1.8527
5.5908
-2.5636
-2.3802
2.7262
1.6434
16.424
1.2446
1.1085
3.3019
1.4103
0.0246
12.3184
3.3771
3.4133
-0.7803
12.9715
2.5989
11.4119
10.5047
-5.004
0.2679
14.4272
3.1083
3.2677
0.5579
-0.3595
2.0076
3.001
1.5891
1.9665
-2.1479
-2.8117
1.9167
0.5793
2.0104
14.4272
17.9732
2.8922
0.3703
3.497
13.463
1.4982
14.2198
20.0016
2.7273
2.749
0.9366
1.9146
11.6611
-0.8161
3.8996
3.0682
2.1587
1.8303
14.5001
1.908
-0.002
1.1652
1.4101
4.173
14.7495
17.0345
2.6323
-0.0897
0.2939
18.4299
0.352
-2.0767
3.8863
2.2003
10.5907
1.8725
2.3448
10.7392
18.2499
1.1336
9.5923
1.9134
2.2639
2.3369
10.0028
0.6001
16.9757
2.2445
2.3238
17.9732
14.4052
1.6846
3.9843
3.12
13.8633
1.265
0.5356
1.3688
-1.7493
1.9665
2.5712
2.3489
3.4968
0.7554
0.9334
9.5603
1.2934
1.9134
2.9155
0.8861
-1.3323
-0.6239
0.3252
-4.9574
2.6472
1.1881
-2.8936
6.1063
0.9501
1.3207
2.676
1.7692
0.7859
-2.4859
13.8488
3.1526
2.4574
6.1271
-0.5897
3.3901
1.0078
12.1245
17.8988
4.014
13.7673
-2.2373
3.1051
14.1091
3.0301
4.0999
4.1689
-0.2758
10.0028
14.5426
-0.5069
2.2145
-0.6891
3.1081
3.4814
4.7964
2.2723
12.4749
11.8912
1.4157
14.0527
10.5694
14.5001
-0.3653
12.9885
17.0345
2.2723
3.6004
0.693
3.3731
2.9624
0.0719
3.8535
14.3669
3.0979
-0.9923
13.5873
0.0044
1.1335
0.6973
4.2473
1.5805
13.2829
1.9924
2.2477
2.6706
10.9513
1.6233
1.8194
3.4777
3.1371
13.511
2.0104
11.2983
1.6003
1.1724
1.5898
0.3863
9.8546
1.7203
4.9434
8.1291
10.9124
0.0311
14.5001
1.5095
0.3193
1.8766
0.1144
1.9241
3.253
1.6173
10.0028
18.4306
9.5419
3.1254
4.3204
12.4528
4.1807
11.0099
-2.3642
0.2191
0.8186
4.6575
0.9834
2.2545
2.224
3.2667
-1.9812
14.041
9.6039
3.7151
3.1811
2.7376
10.5148
-0.7073
4.163
9.1586
-0.3483
0.3126
0.0584
9.4815
10.6912
-0.2837
13.9184
2.2259
3.0088
0.2875
14.4272
1.0047
14.0987
13.7387
2.7275
1.6931
12.0807
4.7084
0.6357
0.424
2.1452
0.8615
9.3448
2.8306
14.4204
3.3167
14.4381
-3.0553
14.4082
1.6857
3.362
-2.116
-4.8587
0.1681
-0.7976
0.4922
2.1759
13.3332
14.0542
-1.7175
-0.9788
3.2797
1.0017
14.4476
4.5535
3.0369
1.0345
13.5873
1.3174
2.0462
0.666
2.7743
0.5602
7.7959
0.5941
0.1359
2.8748
2.9746
1.9665
2.5026
2.6262
5.0027
14.1512
15.1485
17.7595
3.8774
-0.6827
-0.3544
-0.042
0.7103
0.6559
2.6043
1.2866
0.0239
2.0152
7.0304
0.3803
14.5001
13.7474
10.3004
0.0783
1.5861
-2.116
2.3217
13.5873
2.9009
10.618
1.0494
-0.7116
7.6589
0.4462
-0.4022
-0.7667
1.2548
3.0684
0.1377
-1.3865
4.8172
1.5689
-0.4699
0.6267
0.0073
-0.08
2.6591
13.4558
14.2878
14.9397
15.2469
0.0036
1.1279
0.1541
-0.1365
2.9365
-2.3021
10.7514
1.7414
1.3939
0.479
1.9146
14.2313
4.0839
2.7126
4.3085
3.1152
1.7574
2.6825
10.5514
10.8009
3.1326
0.3581
3.6942
3.3711
10.977
13.5873
0.2375
2.4863
1.7431
2.1776
1.7315
1.0477
1.6341
10.718
2.2144
1.8664
9.3817
2.0663
8.7304
3.1801
14.5426
9.5848
17.0345
19.6644
2.7066
3.3746
10.6143
-0.3366
20.0016
0.8311
-1.0495
2.5715
4.0245
14.5001
1.298
1.8855
-0.7095
2.5828
11.0968
3.6135
0.1372
1.7146
-2.1095
2.8519
0.0536
0.6177
-2.2683
18.3374
2.2589
2.8691
4.3722
4.1415
14.4541
-0.2832
2.582
2.641
14.7131
-0.6181
1.4376
1.9247
1.9089
-12.0408
0.2682
13.2829
0.3
11.2179
3.3742
1.5999
-1.4206
-0.9405
-0.4133
-2.3758
1.9749
4.5057
3.6076
13.7306
3.1686
0.3427
2.756
3.1502
-1.9956
-1.1919
2.696
17.054
1.9146
12.3434
2.1293
2.8634
0.7175
-0.0255
-4.0111
11.5962
10.3665
1.3317
13.5873
14.4272
13.7474
14.1677
3.0565
14.5426
4.0482
2.4626
3.088
10.6847
4.9081
0.3996
4.639
13.9806
14.5095
9.4605
2.9816
-0.3785
-0.2718
1.4996
-12.0408
0.0805
2.0464
1.6429
0.7433
3.4701
18.3374
2.0584
2.6552
12.5587
18.4724
4.1815
-1.8779
2.7921
4.339
4.7074
3.2204
0.589
13.511
9.735
11.189
0.5351
0.2455
2.1042
2.749
1.3669
0.5398
1.5106
18.3374
2.86
-1.1386
2.6562
14.5001
10.0429
1.1998
2.6271
1.265
-1.4289
14.5001
1.9695
18.2499
0.4802
20.0016
19.4632
0.5317
11.0799
4.068
2.1767
1.4372
2.387
1.6731
0.7786
4.6062
0.4264
1.3593
0.3841
2.5248
3.7902
0.6955
0.5805
14.1663
3.8902
10.0028
-1.9361
2.0941
1.8485
1.7727
0.973
2.0152
4.1456
2.8314
1.807
1.9871
0.2063
1.8881
13.7057
14.249
-1.0342
3.4822
3.2708
8.7304
0.9715
1.132
-1.556
1.6012
2.0663
-1.5482
14.5001
3.3596
0.1917
1.6072
1.226
2.0799
4.2907
13.5873
-2.5397
3.0027
1.5439
1.8483
-0.1231
18.3374
10.0489
2.1513
1.908
14.1091
2.2225
2.1627
3.4083
10.0028
0.2513
13.0475
3.7902
13.7195
2.9754
2.5067
10.7939
3.9997
1.2635
1.591
0.8353
1.9271
2.9636
-3.2139
4.1152
3.3687
8.1195
3.3345
0.4111
-1.0917
11.7672
1.5508
3.7821
18.4724
12.6013
3.0608
-0.9877
-1.6919
4.4614
-0.0095
4.0188
1.1364
3.4207
19.1783
2.1852
1.9924
10.0028
2.9776
2.8691
2.206
-12.0408
-4.1147
13.2472
8.7304
3.3417
4.3005
13.3568
1.1389
-0.1377
0.2185
0.3142
0.0834
-0.8036
17.0345
1.8528
10.2273
1.5275
2.904
-0.4148
0.9916
2.6851
2.7121
8.569
2.1902
2.987
3.3871
1.4101
-0.0475
-1.2237
18.1671
4.8253
-12.0408
1.3047
2.9448
4.0953
0.1788
1.3967
3.6693
2.8819
-0.85
8.0337
18.3374
3.2579
20.0016
6.0543
-1.1633
19.1783
18.6143
1.051
4.0107
3.6335
20.0016
20.0016
2.1033
-4.7752
0.5962
0.8644
2.4462
0.4128
14.1091
14.5426
1.226
2.749
2.535
-0.1598
3.1949
2.9413
4.753
-1.9194
1.1591
0.5887
11.7972
1.0219
1.6868
1.6012
4.0272
11.8244
19.1783
3.0659
14.5001
18.2499
14.6163
12.2491
-0.2837
3.2865
0.9476
-0.8157
0.243
2.8694
10.6865
2.1501
2.5282
13.5589
16.8247
-0.4099
-0.0463
3.1966
0.2509
0.1276
14.5001
0.5172
2.3661
2.6319
11.9109
1.3666
2.4276
-0.791
4.9805
7.7959
20.0459
-1.6132
-1.8966
3.9823
2.8592
4.4341
0.0511
11.1684
1.0935
3.0239
0.5148
2.8076
11.2636
0.0126
17.5366
-0.3417
-2.991
3.7821
-0.7118
2.7693
-0.7562
14.4272
0.7418
13.5873
2.5293
3.0905
12.2564
14.6163
3.0193
2.3156
3.5822
2.8876
2.1501
2.2639
2.2353
2.1483
-0.5942
0.9181
18.2499
10.0028
-0.4442
2.4796
14.4272
0.7814
2.1604
1.6793
2.2183
3.8328
3.2464
-0.0348
1.7164
3.3675
3.3988
18.2499
2.3734
2.4883
0.6462
2.3305
2.749
2.7144
2.7911
2.994
12.2441
1.4246
-0.1033
12.5511
2.271
-0.7819
1.3438
10.4505
2.9215
2.9201
0.8039
2.9769
0.4487
2.1104
0.7368
-0.529
2.5854
3.4165
3.4912
4.4529
14.235
2.9816
3.2553
20.0016
4.1536
-1.4115
3.9615
5.3454
-0.7446
11.0666
-2.58
-0.3864
-0.6726
9.2233
7.7959
-2.2146
13.4562
-0.6333
1.3717
3.5834
13.79
1.4783
10.2981
4.2031
2.2506
-0.3391
-1.0863
0.7988
14.4272
11.4037
-1.8848
-0.1017
9.5603
1.0377
3.3791
2.8205
2.9313
1.8046
-2.116
14.4272
3.359
1.2283
4.0648
3.9843
1.6969
11.8465
-1.6871
18.3374
3.5101
4.2337
3.6812
-0.8109
4.0756
-1.937
14.6184
2.184
4.0596
2.2995
3.4772
-0.6418
10.718
14.3669
0.0165
3.2374
14.1091
1.6007
10.0296
2.2487
0.3504
2.5083
5.1301
3.5834
1.8042
4.0194
3.5836
-3.1066
12.7167
5.5292
-0.3189
-0.0655
-0.7296
-0.5992
14.5001
3.8996
-0.2114
18.4724
-1.8624
13.5873
1.9346
1.1044
13.5873
0.193
11.6611
2.3401
1.2996
18.3374
6.8952
1.775
18.4299
0.0951
13.5873
-0.5088
3.0434
1.7692
3.4443
-0.2417
13.2829
13.7984
-1.5052
0.6981
-1.3225
14.176
4.7294
-1.1638
3.8449
2.7174
-7.4784
10.5951
-0.4167
2.3715
0.9712
-0.9338
1.9163
12.7145
13.5873
1.9216
1.5841
18.3374
12.2491
0.7422
2.5395
1.7816
13.5873
14.6163
2.8658
10.9432
-1.1125
3.069
4.1082
3.5988
-1.0595
4.4466
4.2491
-1.1121
1.7062
3.1848
1.3999
1.9146
0.5691
13.5873
0.5194
4.1719
11.6782
-5.3375
11.2983
1.604
3.4662
13.5497
2.276
-0.0376
0.1503
3.5486
0.997
4.7066
1.7338
1.6441
9.5603
3.9221
9.735
11.0649
13.5873
4.107
11.9785
11.0649
-12.0408
-2.7028
2.6266
3.7801
0.5131
0.7393
0.516
0.6492
3.974
-2.673
11.0819
11.2983
-3.0595
-1.9896
2.6419
4.6905
4.9984
3.3303
1.25
2.1591
3.1108
3.035
-0.0187
8.8631
11.6611
0.676
3.9638
2.8691
4.4532
2.8979
0.0043
0.3017
12.1541
0.0239
-2.7388
1.9177
-2.577
1.1033
2.641
1.2938
1.8162
10.5356
14.2706
0.9175
-0.132
3.7636
4.2013
14.4272
0.9138
17.0345
4.0692
14.4828
2.3801
13.8676
3.9574
12.6013
10.9431
10.755
3.9234
-3.4163
13.5497
14.4828
0.194
-0.4099
2.5039
4.0245
3.7613
-1.9688
14.3669
3.4101
10.8188
-0.1729
3.974
1.4946
0.5264
4.6635
1.1269
2.4989
0.7266
-1.2834
1.9202
1.7552
3.1277
2.9488
15.1485
4.5278
1.7815
-0.0024
2.6794
-0.6544
14.1091
13.5497
-0.0576
-1.6175
0.9161
14.4541
4.1295
0.926
0.6795
2.6257
2.387
-0.7485
1.6536
20.0016
12.4528
1.7172
0.3909
8.2067
17.0345
-0.9648
2.01
1.7727
2.4796
14.235
-0.1937
3.2192
1.265
8.7304
1.534
1.2258
1.7098
3.3414
-1.0123
14.4272
14.4272
3.0867
-1.832
3.79
1.2869
18.2499
14.128
-2.2882
14.9399
3.3032
4.201
1.9613
0.0783
1.4166
-2.2683
3.6954
3.6656
17.0345
2.4514
10.299
1.2641
4.3882
3.2487
1.3801
-12.0408
1.1821
-0.2409
-1.0811
3.6182
16.8574
2.0073
3.0242
5.1469
-0.0982
1.5451
3.9733
-2.888
-0.2289
4.6654
3.3297
16.873
0.6064
0.4091
0.8627
3.1618
1.9489
-2.4313
14.8276
5.4966
2.4462
-2.7175
3.2477
2.7978
11.0189
-1.7156
-3.3722
1.8985
-0.5616
2.6465
3.0921
-0.5269
2.8335
2.2539
8.4448
-1.0051
0.7274
0.9969
-0.7098
1.0638
11.8735
-1.5699
0.6706
0.9339
3.2108
3.7781
8.1182
2.8171
2.7932
14.4272
2.7926
1.9233
4.0332
11.5017
13.317
1.3458
-0.0081
2.2214
14.1544
0.8225
8.2745
13.8087
10.7604
4.2209
14.2353
1.6009
-0.0574
2.1768
11.6782
3.1322
11.2015
-1.6427
1.3808
2.2194
12.4528
14.1091
-0.6429
0.9624
11.6611
14.4082
4.3179
3.9131
3.8086
0.0618
-0.1582
0.8101
1.0679
-1.9059
13.9981
3.0851
2.2063
1.3506
-12.0408
0.9187
14.4272
1.5999
-0.2289
-0.5469
0.391
0.155
17.8988
0.2378
-0.7107
14.0542
10.1923
1.3151
3.7313
1.9093
-0.6158
2.9115
2.289
2.4856
0.7515
3.88
2.4116
13.6349
1.6632
2.0635
-0.7179
-2.0214
-5.4088
-0.4036
14.1663
14.4828
-0.9354
3.6899
2.5588
4.3747
-2.116
4.5559
14.2705
1.306
12.2441
-1.6384
19.1783
14.4476
3.6896
-0.9442
-7.4784
1.9972
1.7181
0.2414
11.3198
1.1988
2.2313
2.9377
3.0383
14.1544
-3.7224
1.9134
1.948
1.0504
11.2052
0.5289
1.0242
0.3491
1.4595
17.0345
0.4641
3.3505
1.2237
1.8466
3.2025
-1.8362
3.4408
0.5287
13.6374
2.6001
3.1082
14.2198
1.9084
1.1123
1.6428
2.89
0.0991
18.3374
-1.8588
14.7131
14.4272
2.3822
15.1501
18.2499
13.5873
2.2066
8.7304
0.7756
2.7365
9.735
1.2762
2.6854
3.0239
14.4272
-0.6316
-0.0897
3.3342
1.0646
14.6048
-6.2602
-0.5494
4.7886
2.3943
20.0016
3.1502
1.6387
9.5603
3.7307
14.4272
13.5873
0.087
2.0178
13.5873
3.1302
2.9502
0.737
14.4272
14.2198
-2.3895
1.7535
0.0914
2.5978
1.2615
2.0703
2.576
10.977
19.6644
1.5544
0.1937
3.9611
3.8187
0.0914
2.6517
13.7474
14.1779
3.1438
1.9417
2.9009
2.427
19.5967
14.2419
-0.9295
3.417
11.4146
3.7685
13.5873
17.9732
-0.101
0.3142
2.8076
2.586
3.9418
13.3437
0.29
3.5937
7.5805
14.1813
1.8075
3.6206
1.891
0.3402
11.0006
1.6307
1.3082
8.4448
2.9532
-0.1083
2.7517
2.2147
-0.6578
2.5715
14.1091
2.2179
0.1865
10.0101
8.9985
1.0551
4.01
7.7959
4.0596
0.0536
1.7568
1.867
2.5124
3.0872
12.4749
-2.9931
5.5614
14.4204
2.624
2.8874
-0.0904
14.0542
12.1515
19.1783
1.2808
-1.2036
3.2695
0.4921
2.9446
3.8224
-0.9139
19.6644
2.4098
2.0653
1.8541
1.0508
14.1091
9.4983
3.1444
2.6161
1.0039
2.6584
13.5873
1.9146
2.1544
-0.2733
-1.9496
1.8184
0.0522
9.7649
1.4674
2.7548
-0.1971
13.5873
4.6153
3.7807
3.0206
1.5275
-12.0408
0.1437
8.4448
-1.0614
18.2499
3.88
18.3374
-2.8875
2.5114
-2.892
2.4833
14.1813
-0.3994
0.528
0.9672
14.1938
-0.5961
9.1065
19.4724
11.5133
14.3669
-0.434
-1.8644
0.6714
11.1148
11.338
4.068
10.0028
12.4528
1.3445
1.3627
2.6738
10.2935
-0.7117
1.6269
0.5288
18.2499
3.255
3.7125
14.235
3.9365
2.8124
3.6842
1.6873
0.7879
0.6233
4.0981
11.7605
14.4272
2.6827
8.7304
14.1544
19.6987
0.5036
9.1726
0.1196
4.9929
19.7281
14.4474
2.3077
0.2523
2.7178
2.7275
13.5497
3.9267
2.6231
3.0214
1.0647
3.5491
1.3457
14.4272
12.1864
3.8683
2.7771
13.5873
3.1287
14.5001
1.4023
-1.8027
10.0028
1.9627
14.4272
0.6483
0.7728
12.4749
-0.4358
2.6113
0.429
3.1327
-1.6943
1.3308
-0.7282
-0.0664
0.7039
0.601
2.7471
1.511
3.9008
10.582
13.5873
17.0345
0.0968
-0.4099
12.1708
1.4063
2.3828
0.1918
1.2115
-1.0307
8.2772
3.0396
3.1979
1.9397
-1.3602
10.5356
3.734
-1.5106
10.5996
8.7503
2.7782
-0.0067
8.6587
16.8247
1.5697
-2.1241
14.4272
4.4033
0.3228
11.4806
0.0802
2.0415
9.8785
3.0118
3.1288
3.0267
0.3657
14.3669
-0.7236
3.5771
19.6644
0.1182
1.8014
2.434
9.3112
4.6078
0.3761
2.1881
14.3669
-0.6753
19.5398
10.597
4.6894
8.7304
14.4541
11.5877
14.235
18.4299
0.2237
0.1862
-12.0408
4.3095
2.0859
4.491
-0.9932
-1.5394
14.3669
1.0962
1.0991
1.4115
2.9488
13.9184
-0.8174
1.7243
1.3044
-0.59
14.176
3.388
12.4749
-0.4099
12.5587
-0.5712
3.9271
0.9192
0.7321
2.6988
2.0273
3.1916
1.9146
3.6319
-2.1598
2.2995
3.0739
16.3753
3.1484
-12.0408
-12.0408
2.5185
11.3585
14.1091
3.6135
13.8218
-0.0883
2.8347
-0.1835
3.6801
10.8009
0.6793
10.4903
14.3669
-0.864
19.3841
2.731
3.8639
14.235
4.0953
-0.1809
1.4851
-1.5201
0.9018
19.0466
14.2186
-0.1927
18.2259
-6.4975
-0.6728
9.3531
-0.9423
13.9004
3.0813
18.2499
3.1141
14.5018
3.3997
1.6168
3.9442
0.3543
-2.7672
2.5128
-3.757
2.9755
0.7639
10.6468
-0.5191
1.8317
13.2829
-0.9699
1.7044
2.8765
14.0227
4.5473
1.2237
14.4272
2.9398
13.6374
-1.419
2.8782
0.9819
0.7649
1.8049
2.0184
2.3803
2.0104
13.7673
-1.4357
1.5394
1.1178
-2.384
2.7817
2.0846
2.6517
2.6253
1.5169
-0.8644
3.2025
-0.9295
1.1916
3.1303
1.5688
0.7472
17.6883
13.6349
2.7743
3.8536
2.8452
11.7879
0.1378
2.1294
4.5024
0.0783
1.4459
13.5873
3.0093
-3.6271
-0.2103
2.1646
2.6393
0.2236
15.7465
1.6168
9.0728
10.9432
19.5722
2.697
0.1073
4.6078
2.8032
1.588
4.1058
-1.0521
10.9598
3.2629
3.7568
2.255
12.5587
2.3709
2.2639
13.9039
1.5563
2.2828
-0.2946
2.7743
9.5541
2.0855
2.7926
10.4319
18.7087
0.1018
2.1587
3.5337
-1.1288
3.0976
-0.7443
2.5612
2.0585
3.5289
1.9247
3.2985
1.4262
1.058
1.9167
11.8007
0.4561
-1.4064
2.434
-1.1776
11.4559
14.4993
-2.7157
14.3669
20.0016
0.7813
1.9549
14.1178
1.7603
14.3669
2.0341
3.4047
0.9477
5.4801
0.105
8.7304
2.6601
-0.4685
10.5047
1.7902
1.1985
1.8356
3.8224
3.1526
-1.556
9.1652
13.5873
11.0799
-2.3077
2.0731
11.0649
5.3607
9.6039
-0.3217
1.6501
9.6439
-0.339
11.8244
10.5514
20.0016
18.2499
19.3256
13.2829
8.7304
1.791
0.4057
13.5873
14.3669
14.3185
14.1091
13.8152
2.2712
-1.6888
2.7297
1.2728
0.4485
13.7306
3.2804
14.2313
11.686
14.1091
0.0641
2.0037
-0.1715
2.34
3.3342
1.1867
-1.6208
1.5269
2.232
-0.3794
-1.1631
2.9991
11.2592
11.5184
-2.3425
13.2976
6.9038
2.4923
1.526
2.6332
2.2017
2.6301
19.6644
14.4784
1.9443
4.3135
8.7786
-2.4553
4.3299
0.8742
14.4476
3.9501
2.6632
13.2048
1.8216
2.8033
-0.4045
0.3799
3.3991
2.5422
3.2287
0.3013
0.3985
2.8076
1.1814
13.511
1.2327
0.987
11.8279
1.1101
8.4448
-12.0408
-2.2373
-0.3218
-0.4306
2.3836
0.2088
1.5498
2.8569
6.2056
14.7131
11.6611
0.2092
-0.1976
2.0538
14.1091
14.3772
3.481
14.2186
-0.0897
0.1217
5.0268
3.0659
-0.7739
1.3726
3.3664
1.9695
2.3614
13.5873
-0.3579
3.3922
3.4521
14.1091
-0.1746
-0.4327
13.4745
-0.3479
5.2933
2.0904
4.7225
13.9615
14.5001
0.9368
2.6985
0.2483
3.0734
13.5873
12.2259
1.8541
0.5644
2.7817
8.4725
2.434
1.7866
-3.1653
0.7421
3.6198
-1.1956
18.1794
3.048
2.2329
-0.5495
-0.1575
1.7839
9.7245
3.3235
-1.1619
-0.742
18.4724
-0.6815
2.9641
2.8236
0.512
0.779
9.533
5.1987
1.9876
0.6681
3.2797
11.6611
1.8459
-0.2284
13.2829
-1.6888
3.7582
3.2268
10.2961
3.282
-5.8377
3.2863
2.1524
3.0809
-1.1524
2.7191
0.0963
2.2992
3.0959
14.7355
0.2817
0.5624
1.8211
2.8341
-0.7311
2.4653
11.6611
-0.6894
-1.1366
1.8284
12.5018
0.2837
-0.3009
2.4462
0.7412
14.4204
2.7288
0.258
3.2734
0.4417
-0.3787
-0.7991
2.1842
1.2733
0.8775
0.5988
1.6631
10.5694
-0.1876
0.6059
-2.0386
11.7972
1.6897
9.6039
-0.5993
4.8766
1.869
-1.556
1.7764
1.2103
3.2899
0.3301
1.4246
-0.043
1.2916
9.7654
17.0345
13.6086
4.116
2.8872
-0.1448
12.9885
2.9893
-1.6171
4.0272
1.9691
18.3507
0.2726
3.3965
9.3204
14.5001
-0.5276
3.1344
-0.3403
1.9814
2.6686
-1.1584
14.3669
3.8732
0.6393
-0.851
11.191
2.875
13.6452
0.0908
14.1091
0.1551
11.5266
1.4468
2.6264
9.5903
0.8695
3.1871
1.1262
10.5422
0.122
13.5873
0.0811
2.8945
14.1091
-1.7612
-0.6103
0.6492
2.3831
3.88
3.0209
2.7548
3.8931
10.5847
0.6226
11.0063
14.1091
3.1608
2.2221
-0.14
7.7959
-0.2362
2.0124
3.6182
1.5104
8.7304
1.9342
-3.5057
-0.7841
7.7959
2.3158
13.5873
1.1727
2.3239
2.9755
1.8011
0.3695
2.1556
0.1198
10.0028
11.6611
0.2616
2.9747
8.6609
5.4801
-0.0378
0.8187
2.9341
3.2682
1.9993
4.443
3.5528
-0.8325
1.3987
3.7662
0.2042
3.7733
2.4794
-0.0897
10.6853
-1.6678
2.1985
20.0016
0.0472
19.14
0.9019
-0.309
1.3447
1.2478
0.0783
2.6829
12.4749
1.5731
14.1091
0.4056
1.3262
-0.7415
12.5587
3.0665
2.3562
2.5116
1.2265
3.2721
3.3854
6.5559
-4.0496
12.4528
2.0462
-0.3323
7.512
1.6536
3.0787
0.1755
3.2731
-6.3216
6.5559
2.3078
-0.8109
7.7396
10.5004
-0.5279
13.7164
-0.0605
14.6048
-1.9495
-0.0057
3.0904
10.691
-1.758
3.4381
-0.1108
2.3465
3.7231
18.4525
0.0472
18.2499
14.3669
2.7548
4.9075
11.0675
3.533
10.0981
-1.5659
18.4299
-0.2042
1.2432
10.5606
0.6742
-1.8303
4.6229
8.6309
3.0682
10.6218
0.2611
10.0028
-0.3975
13.7057
14.3889
3.7831
1.3995
2.8895
2.0364
0.9873
1.5499
4.2217
1.4129
10.3923
0.4943
-0.4523
0.7517
-2.8687
-2.6331
14.7131
1.9348
2.0521
1.6681
2.4212
10.718
-2.9966
3.5762
-1.5312
-0.4395
8.6524
18.252
3.1085
0.9152
2.499
0.4738
0.7022
-1.8754
-0.4932
1.3406
-1.3381
1.3772
3.1526
11.584
0.9442
-2.9681
2.8633
3.782
3.4169
0.9722
2.1889
1.5038
3.8822
0.4269
2.9009
1.9284
4.8111
-0.4146
2.8862
14.3669
0.7019
4.0188
11.5384
1.9601
0.2308
0.3031
1.977
0.5222
1.526
14.7495
1.1688
2.8245
9.9028
2.861
2.3519
2.3715
-12.0408
1.5399
1.6882
-1.2702
20.0016
1.152
-2.9083
1.4657
-1.2547
2.6323
11.0368
6.5559
0.204
3.2713
0.4676
14.1779
1.0265
3.8895
2.2919
-0.0617
2.1836
13.8488
2.5843
14.9399
3.0449
4.0245
-12.0408
4.4094
-2.2796
1.2164
-0.9616
3.2402
0.5634
1.9126
17.0345
9.9634
1.5604
9.9851
1.7556
2.3248
10.8003
2.9325
10.5148
-0.7566
3.3828
3.3583
3.1437
-12.0408
8.4448
-0.0031
3.129
1.8441
1.1838
9.7319
3.8996
10.4307
13.5873
9.3204
3.3048
3.129
11.9203
1.0537
-0.577
12.7167
-2.1269
12.4749
0.9619
1.2694
1.706
8.4448
-0.5623
-0.1164
11.2983
2.3086
1.5364
8.4448
4.477
-0.1546
10.3045
0.787
-3.6082
13.6349
0.4512
1.2508
13.5873
-0.159
2.6115
1.738
1.8051
3.1072
0.0003
13.5571
0.087
10.963
11.8279
0.087
13.5873
-1.0955
-3.0324
-0.7117
9.342
-1.2288
4.5556
10.055
2.4832
2.0644
9.6039
10.4291
2.474
-1.3565
2.2875
4.188
-0.413
1.0431
-0.2871
1.527
4.6447
14.3889
1.9146
-0.3894
-1.1997
1.6788
1.7759
-1.7744
1.8387
12.5587
18.3374
-0.3182
2.2123
-2.1192
1.1935
2.4916
11.6611
2.5629
10.8497
19.1783
2.5535
2.2991
11.6782
-1.1965
1.5153
2.6319
1.4173
2.3325
1.9372
1.1528
1.9715
2.3977
1.6563
2.195
5.0182
-1.2081
14.4204
3.3748
-0.1968
0.2945
3.1322
3.2689
0.4427
1.436
2.8109
0.9424
10.4388
4.084
3.9595
-0.3927
14.2142
1.0673
18.2499
2.9649
14.4272
-0.7307
1.756
2.5151
-1.9254
2.3477
0.1151
2.7202
1.3373
14.4272
14.3669
3.544
4.2217
11.0051
17.0345
13.5873
-2.6281
3.8133
-0.3661
2.434
2.6216
2.0899
2.0015
1.9665
2.0709
11.5086
0.4503
1.1219
1.265
3.992
3.0755
10.0993
3.1904
17.0345
3.8004
13.8488
-0.3632
14.4272
11.2983
14.1779
3.9037
12.0326
1.8778
13.4696
14.5426
0.5018
-1.4491
14.7131
-0.807
-0.5341
-0.9298
10.0028
2.0985
-0.2092
5.4801
10.8698
4.851
1.8343
4.0593
-0.6614
-0.5236
1.4149
11.4247
3.1642
11.0666
13.2672
2.0538
4.717
2.4726
2.2477
0.5395
0.6145
10.2643
-0.6168
3.412
12.4528
3.1061
15.3479
-4.2532
10.6847
1.1838
3.5127
3.8863
14.4272
-4.1159
2.7377
3.9464
1.3015
10.7564
3.4822
18.3374
2.0846
3.7125
14.4082
-0.1523
-0.2059
3.4529
4.3095
1.9221
14.1843
-0.1338
2.8238
-3.0279
6.5559
-1.0734
3.1122
10.0028
-2.5474
0.9588
-4.06
0.8244
2.2505
2.2784
1.9441
3.2576
1.995
-1.0204
-0.0136
1.4366
2.6297
0.4237
3.1211
-0.2541
4.4271
2.8034
11.2983
2.8036
14.7131
1.4748
1.0879
1.3886
2.2891
12.3308
1.3314
3.1271
4.5919
3.4669
3.4778
3.1949
14.1544
2.1493
0.6961
-0.5975
10.6847
0.398
-12.0408
0.1364
-0.3168
13.5497
19.5398
0.9624
14.5392
0.4141
1.4279
0.3351
-0.3525
-2.7433
2.1912
0.7019
0.1909
2.6917
3.1511
4.4734
13.5561
1.2489
4.8397
2.3865
0.2205
14.3669
10.718
16.8238
2.7592
2.5046
2.0652
1.5898
10.6847
11.6068
4.2998
1.3376
-2.0742
2.1696
8.2776
4.935
-0.5163
9.4547
3.7902
3.0833
-1.3011
19.6644
14.4272
14.3772
0.004
-0.4099
3.8224
13.1092
2.8219
1.8062
0.63
0.8237
2.0663
1.0315
10.7362
14.6163
3.7032
13.7673
10.8003
8.7304
3.9049
-0.2998
-0.5978
4.0272
0.3294
-1.6898
0.5041
-1.4787
14.5095
-1.0204
12.6343
1.5213
14.6163
3.5716
2.8452
0.8168
2.8564
0.4057
0.4403
-0.3974
13.0628
-0.4087
1.2226
9.1595
0.7511
11.4479
1.2887
3.4943
2.9013
3.0311
8.7304
-3.1146
-1.7028
2.6193
-0.2202
0.7112
1.2101
19.6969
-12.0408
0.7796
1.7552
2.9482
3.0615
0.909
2.4568
1.191
3.8772
1.3308
0.1955
10.5726
2.271
14.235
0.2834
-0.1083
15.1485
1.1212
3.1694
0.44
1.8982
4.1048
-0.7989
18.2499
5.1914
2.7291
2.9276
1.6117
0.29
1.9784
3.7712
-2.9453
3.3812
2.1535
-1.191
1.6786
-0.4054
14.5001
0.6868
-0.5606
2.9104
2.5703
2.4462
1.0826
1.7174
11.6068
4.0355
17.7595
18.374
2.1868
14.1091
1.094
-0.3176
2.4698
5.0109
0.4452
2.9703
0.8493
0.5945
1.4318
2.5964
2.9882
2.6244
0.0674
12.8784
2.1246
1.664
2.8656
1.6194
2.7817
-2.4429
2.4562
2.7651
2.8392
1.3482
1.137
0.6178
4.2869
12.4528
14.7124
3.9843
1.3878
3.211
3.53
1.9752
1.7203
0.7965
17.7595
-0.3047
0.9467
-2.414
2.3514
-1.3059
3.4769
-1.6938
2.5351
14.235
3.4226
2.66
1.0909
16.4929
18.3374
2.0668
18.3374
1.4894
8.7304
10.5047
13.5873
12.1708
4.9501
1.5588
2.8227
12.4749
11.4102
4.1965
2.584
20.0016
1.853
1.9422
12.3099
0.6622
10.9432
5.7389
10.5111
4.1433
12.5508
14.4541
-1.7148
0.3103
12.4749
10.6203
-0.6564
2.2739
2.4574
-0.5815
0.4427
3.7733
2.6701
17.8988
1.4198
3.659
14.6163
0.639
1.7846
10.4236
2.3317
2.3682
0.7472
-0.8425
1.0073
1.5937
10.4903
0.9891
1.169
-1.9586
20.0016
4.7571
0.1803
1.3098
4.2066
1.3666
0.8041
2.8306
4.8282
2.7862
2.3256
3.7902
4.8557
0.3979
10.8009
1.6694
-2.0308
13.5571
3.0608
18.252
0.3609
12.5511
13.8152
5.1338
1.631
-0.9421
10.6877
18.4299
4.2063
0.2821
0.1672
10.6036
13.4558
0.5962
0.244
11.2179
-1.0172
0.3709
4.4009
-0.1453
3.3563
2.4072
14.4541
0.918
-0.4136
13.0475
13.4756
4.1433
4.9473
1.3763
3.7243
2.9014
1.7067
18.2499
3.9868
1.5272
0.1991
13.5873
2.8869
14.1091
7.4589
2.4553
3.2863
2.4671
14.4204
2.6706
1.1478
3.2028
2.4758
-0.1177
3.2036
-0.7921
3.4379
2.7121
4.068
-0.527
4.2982
1.2719
3.0807
3.6319
-0.2789
-0.0897
15.2469
0.4724
-0.8109
3.3583
1.9566
1.1975
-0.9062
0.7675
-2.4153
2.7738
8.4448
10.4236
3.0734
2.2751
-5.9698
3.6005
2.5324
10.8536
12.459
1.0313
10.9654
-0.4099
1.9341
2.3256
0.1873
1.3396
1.4009
3.0439
3.6043
-0.802
-1.3542
2.8791
4.021
3.8711
8.7304
12.4749
-0.4099
2.749
14.4357
4.0663
0.3114
4.173
20.0016
-2.4468
1.908
3.3797
10.0028
2.3279
2.793
0.1015
4.8773
9.7245
2.3906
-0.3604
1.7543
19.3256
1.132
-2.0918
13.6349
18.3374
0.1802
3.0701
0.7211
0.062
1.9621
2.7924
12.3504
-4.7291
3.9225
14.0237
18.4299
4.2785
2.8177
2.1079
-0.4734
14.5001
8.4448
13.2829
1.355
14.6021
0.9933
2.699
1.1954
2.2339
10.778
0.0325
8.7304
3.397
1.533
1.0606
2.9203
2.6328
3.787
3.0613
10.1469
18.1198
1.0185
1.2177
1.651
0.9982
19.1783
14.1091
3.0047
14.5067
18.4724
3.1779
4.5919
3.2796
3.0196
-0.2285
0.4739
1.2691
-0.1135
-1.2407
2.8819
0.8107
3.2971
3.2797
11.0422
4.0188
1.2932
1.6559
2.7678
2.2816
4.0187
1.5378
2.6306
2.9925
2.2095
3.1502
1.7602
2.5529
14.4272
4.2866
3.0102
-0.24
10.4006
2.6382
3.1702
0.4731
4.5695
18.3374
2.3429
2.2329
1.3335
3.3214
14.4272
3.6436
1.9514
9.8165
0.3486
1.4816
-1.2611
12.4528
13.5497
1.8648
1.094
14.258
14.1872
11.2983
1.4647
13.7057
0.4232
14.4541
3.7304
-0.9116
14.1677
2.9755
1.3268
1.1482
4.0465
0.2005
3.3082
-1.1926
1.62
0.0239
1.1044
8.8945
11.3095
1.5272
0.8644
3.921
0.9355
0.7382
0.5354
10.4779
3.1189
-2.0599
4.0033
10.6598
1.0987
0.6595
2.3146
18.2499
13.7939
1.9823
3.1311
4.1343
3.4364
11.2983
-1.1975
2.1647
4.0628
0.4919
1.7951
2.1752
1.9665
2.8076
-0.1068
3.2321
11.0649
1.9134
13.547
-1.361
2.4769
19.6644
4.0599
1.9241
2.2636
-0.1079
-1.2442
13.8722
1.7744
-1.0168
-12.0408
2.9143
1.0867
14.4272
-1.8897
1.7293
0.9041
2.4944
3.5456
0.9237
2.8905
3.7098
11.8441
0.7655
0.939
14.5001
1.3311
-2.3956
1.3807
4.0792
1.5733
7.1827
11.5184
0.9086
-1.8113
14.7495
0.1814
5.4801
0.4142
-0.6158
-0.2765
0.087
4.0593
1.5021
4.2186
17.8476
14.1456
1.8647
2.1103
10.5047
5.1255
3.1511
17.0345
1.9665
-12.0408
8.7304
1.4122
2.1775
2.7116
2.6337
1.2141
-0.072
2.5547
1.9146
5.2288
1.8851
1.1577
0.7345
-2.5349
-2.5304
2.9724
-3.5554
3.3802
1.3815
3.2372
3.5913
2.7869
12.4749
2.2487
3.129
1.7091
10.8771
2.1781
14.2878
0.7036
7.7959
1.3842
-0.4323
-0.7841
-0.8309
0.6904
-1.5198
1.9144
1.4063
1.4997
3.5796
0.657
0.997
10.718
2.2522
-0.2609
0.1937
-0.0552
13.5497
2.987
1.3507
1.265
1.9461
7.7959
1.2803
4.9637
0.9719
2.9457
0.8667
3.9225
1.5307
3.4454
14.4676
3.4544
-2.1699
4.0909
-2.5684
-2.116
3.7329
-0.2818
1.5422
-1.0725
8.9985
2.5143
9.488
3.1104
17.7595
1.4311
10.5951
2.2509
1.992
1.7991
2.2886
4.7884
1.3666
2.5793
1.4271
3.0846
0.3484
-0.4025
1.9909
4.1241
4.6462
2.9166
1.802
0.6978
3.2464
13.2829
2.2168
0.0432
20.0016
2.8486
-0.5863
0.0866
3.1558
14.1091
3.0229
1.1747
-1.4116
3.9976
0.2698
1.1669
3.992
1.4467
3.0682
0.5289
-0.0768
-1.4831
4.0915
1.8232
3.008
14.1091
20.0016
1.9134
4.8517
3.7151
10.9029
2.4671
2.0578
6.5559
2.3461
0.1876
0.0135
4.6478
14.4357
3.8236
3.4164
-2.1883
2.5202
-1.1625
2.5728
-1.1162
10.5047
3.0076
4.3079
2.4078
-0.5989
-0.9058
-0.6506
14.5018
12.4749
1.2296
1.8606
0.0421
10.6825
2.0813
3.2312
12.6013
2.2887
-0.1664
2.7303
14.2878
3.4888
14.3669
0.0752
3.1949
14.4272
7.7959
0.5521
1.4742
2.506
13.7057
0.8816
2.1816
2.5753
-0.5255
3.1172
3.312
1.2858
1.8643
14.2706
0.9306
-0.0159
2.5056
3.9217
0.9406
1.1901
1.8761
1.9277
2.7724
19.1783
3.2896
3.213
10.67
18.3374
0.6078
1.908
0.686
-1.205
4.0524
-2.045
3.2464
0.2761
17.0345
13.4562
2.0248
3.2087
2.1536
12.4749
1.757
3.002
14.422
14.4272
13.7199
2.6517
18.4299
0.8287
13.5497
18.2499
2.92
2.1139
3.0861
0.5235
1.007
-0.1968
4.9604
3.0519
2.9178
-1.2155
1.9146
1.2573
3.972
2.302
3.8822
2.9518
-1.5834
2.7066
2.5363
-0.9306
0.752
1.5758
3.9843
2.6658
11.2243
2.891
-0.3917
-0.0621
-0.2603
-2.6215
14.235
14.3185
3.6735
2.1869
2.0688
2.3833
2.4462
2.6384
13.3345
-0.7272
2.3004
3.1098
0.9225
4.9865
-1.4444
1.3934
-0.1989
19.1783
19.3256
1.0935
20.0213
-3.1915
1.3666
14.1938
-0.7285
0.961
-0.2959
3.8674
19.9967
2.3409
1.3178
3.1322
4.6315
0.4134
1.628
12.5587
0.721
14.3669
18.2499
1.9146
-0.6726
14.4784
2.6701
13.79
3.6559
4.1187
0.3355
9.6039
14.4272
11.8279
0.031
2.5669
3.2626
2.5959
2.243
14.5018
12.2852
1.6307
18.3374
14.4272
13.1423
14.1091
3.3614
0.9576
0.872
2.0267
2.8238
18.2499
5.8398
0.1184
1.5399
2.8427
3.0829
17.5368
18.3774
-2.2905
4.1132
2.7336
-1.0827
12.4749
3.0792
19.9967
2.8849
14.4272
1.9231
2.8076
1.9146
-0.8164
1.6655
-1.314
2.2601
2.2485
3.5033
12.5414
0.8829
1.7096
10.718
2.3872
14.3669
17.4568
19.1783
3.2474
-1.6712
4.0953
13.0267
1.8177
0.5433
2.696
10.8395
1.548
10.2165
1.0864
7.7959
3.1419
2.4288
0.4487
-1.6942
19.3256
0.1657
3.0993
0.1475
17.4663
-0.0767
3.5308
-0.2092
-2.225
12.4528
1.7654
-1.4867
2.5854
3.5314
14.1014
3.6205
2.9619
3.347
14.2526
1.3766
3.5768
11.3198
3.5273
2.3392
3.4034
4.1857
2.2566
4.3962
9.6687
0.0701
-3.0993
0.9884
0.6712
3.4383
2.8979
2.9618
-0.9928
3.0711
0.2596
-0.532
10.7875
-1.2371
20.0016
0.5879
11.6611
2.1972
-2.4236
-1.5949
11.3198
0.9372
11.7743
0.0293
0.0108
13.8488
2.282
2.0462
14.4272
13.7673
-2.6331
1.6248
4.042
9.5603
2.853
10.8003
3.8554
14.4272
-2.9051
0.3482
-0.1303
18.4299
14.1091
11.0726
0.672
3.6177
0.7892
1.6739
3.2967
3.1511
0.8586
2.6097
3.0189
7.7959
3.1159
0.9941
1.2226
2.6252
19.3256
0.6178
-0.1937
14.9865
1.8218
1.4036
1.913
0.7853
1.5094
-5.4957
14.7131
1.1483
-0.6292
1.6429
-0.0589
-0.1476
18.4299
-0.6809
-2.3098
14.1091
14.4272
2.0143
1.4567
2.8723
16.8247
-2.4545
2.2179
-0.8017
1.9273
0.5805
13.8722
1.8372
2.0578
0.1305
-0.0115
1.0826
0.5994
-1.5524
-6.8951
14.1091
-0.0514
14.3669
-1.1709
0.9057
9.1595
0.3169
14.5001
14.4082
14.4272
3.8938
14.3304
3.2025
2.9351
2.8603
2.505
11.6782
2.1542
14.4272
1.3541
2.9708
1.4374
0.3945
1.8068
10.8009
1.7838
0.2134
-0.3204
4.6068
13.5873
0.8737
-1.3929
13.5873
14.4784
2.6159
-1.4667
3.0682
14.4272
3.2374
0.9099
4.1447
2.3705
0.4204
-1.0656
2.641
0.9671
20.0016
-0.6374
11.5086
4.5032
3.2543
10.956
-0.0861
18.307
3.2669
-0.9403
12.2441
-1.7909
1.948
18.3374
2.2761
-2.7521
2.7534
13.8633
20.0016
1.8195
1.8815
10.4903
3.7902
1.0053
1.7784
11.6303
0.9448
9.8401
0.7696
1.6135
2.2058
9.488
1.4528
-0.3458
2.8203
14.4272
10.718
0.1351
0.8148
-2.0502
-0.6787
3.9202
-0.8676
13.6367
1.373
0.462
3.2374
4.454
11.1397
3.0448
2.3448
3.456
2.0688
2.0206
-0.5763
1.223
3.7151
10.6974
2.749
10.486
2.8041
2.7184
8.7304
2.7024
3.8642
2.0462
3.0565
11.7411
1.3144
1.7281
10.8328
2.7268
1.9554
-6.6758
14.2878
4.5941
2.9638
1.8835
0.1807
2.7471
10.5111
4.9606
4.354
2.4055
3.1277
12.5516
0.7857
-2.123
4.1684
1.9152
-2.3139
2.9215
8.7304
0.8943
-2.214
1.02
1.8997
10.4582
0.9885
1.6472
14.1544
1.7322
1.1825
2.749
2.8079
14.3711
5.1338
0.8425
14.0987
-5.8677
3.3559
10.1264
0.2141
0.1374
3.4777
2.8788
-1.0929
4.8598
1.0483
2.7319
3.9225
1.6926
1.9695
0.6393
3.0898
1.9134
-0.0026
-0.1256
-1.0287
14.4204
3.5397
3.3771
14.4476
3.1907
-0.0443
1.2896
2.7471
3.2669
4.6044
11.6611
3.7243
2.7045
1.9134
3.5093
13.5873
2.7334
4.4791
3.2207
0.4093
1.2796
3.3017
2.9161
14.3669
3.0613
0.9754
-0.2289
2.0283
0.4774
1.9903
2.2487
20.0016
1.5414
-0.6576
2.0199
2.0623
0.6634
2.3141
3.6157
0.2918
14.4272
3.8356
0.1207
2.3299
17.0345
-0.5065
-0.9441
0.6864
6.3836
0.776
2.1912
2.114
14.4541
4.4728
1.1883
1.6235
0.71
3.2257
3.607
-0.1694
13.8193
3.8004
2.8862
2.2787
2.4848
2.6412
11.2812
2.8618
0.8817
-2.1391
2.5989
-0.8862
-0.2514
-1.8605
10.5588
1.5099
0.2403
0.2414
0.4903
-0.9085
13.2829
-0.2821
17.7288
0.5325
2.1863
-0.1708
1.7552
1.9861
12.6013
1.4284
0.2309
14.6356
17.0345
2.1425
2.8964
3.5834
1.0693
1.7916
3.5766
0.2835
0.9588
2.7271
3.9733
3.5834
3.3315
13.0475
1.6659
3.8674
18.2499
4.3422
3.2798
13.5497
0.3804
3.0999
3.6847
1.5859
3.2422
1.1131
13.1171
2.3091
-0.1342
3.3835
-0.5705
1.182
13.8722
3.1333
-1.1758
0.3436
18.252
2.7363
2.749
3.0833
1.908
0.3575
1.85
1.5166
3.5205
3.7493
-1.1175
1.5965
18.1198
-0.8482
1.6492
-0.1976
-0.1582
3.9406
0.8554
-1.0695
-3.5183
1.5137
2.3682
10.0028
1.8164
-2.7518
18.3374
10.8182
-0.8529
14.4272
0.3164
0.0061
10.5047
3.9217
3.0014
1.5932
-5.0147
0.4956
1.7266
14.3669
1.1364
1.5771
2.5595
0.1349
2.0668
-0.7652
2.4947
2.2653
2.9755
-1.9956
3.3761
0.0892
1.9993
1.9786
19.14
-1.3518
3.6331
-0.1449
3.3501
3.196
14.5001
13.9815
1.5756
1.7302
14.4476
-0.6249
-0.4697
2.9966
0.0846
2.2566
-0.674
3.9181
14.5001
1.9146
13.5873
0.7237
3.1275
11.6611
-1.8777
2.4628
11.6623
10.4754
1.9729
1.3317
3.9271
-0.6941
4.414
4.7447
18.3374
1.8179
14.4272
-3.3185
14.6261
9.752
17.0345
18.2499
14.7131
5.4801
14.2878
14.4272
3.46
1.9397
10.718
2.5306
16.8775
2.9755
11.6611
1.2124
2.0341
0.7408
10.5356
10.5847
0.6871
2.753
2.7938
14.4272
17.6373
12.7974
10.3555
0.2996
2.1341
3.3019
-1.4717
3.2036
9.2249
-0.9388
1.9584
3.2068
1.8613
3.5304
14.7131
-0.1027
3.213
0.8431
10.5047
4.0987
18.2499
2.94
7.6859
12.4749
2.7336
2.0104
11.853
0.5189
11.3198
0.0629
3.2359
12.875
1.9104
13.7306
3.1371
2.982
3.7353
2.0152
0.3931
-0.7873
0.2043
3.0682
2.427
0.2228
13.5873
1.0768
4.1999
1.9608
2.7222
0.0215
2.3947
18.2499
3.043
0.5228
18.1198
14.3669
3.2193
0.0783
3.0618
1.8218
7.5334
-0.612
0.1722
4.0468
11.9061
-0.9432
2.8102
-0.9475
1.9561
2.1663
13.5873
13.3568
2.6701
0.0182
0.9907
10.9432
2.4055
3.3293
-1.8711
11.7595
3.2331
14.2198
0.8102
3.0181
13.7387
16.7301
2.9262
13.8722
1.5957
10.6865
3.2967
9.4455
1.0708
14.4242
2.5964
6.5559
14.128
14.4541
2.8894
3.3297
11.6109
2.4692
10.67
3.0574
2.3621
4.6688
15.3577
13.5873
3.2596
14.4272
3.6094
3.1526
-1.7802
2.9755
3.3028
0.5089
11.2912
4.8177
14.4272
-0.6228
19.3888
3.0682
14.4272
-0.588
3.1354
2.0352
2.432
-0.5769
13.5873
2.3527
0.0119
4.2819
0.0385
1.2245
1.4897
14.6163
2.3815
0.0825
2.2779
0.29
13.0684
-1.4646
1.2462
-1.759
3.8349
14.5001
20.0016
12.816
-1.1664
0.7299
13.2829
-0.1026
3.5391
-1.2968
1.1686
4.2733
-0.409
-0.2474
-0.7667
1.8355
1.3423
-3.7965
0.7863
1.4766
2.5894
3.8275
13.6374
1.7168
0.093
2.1012
-0.2645
0.522
0.3698
-0.2228
8.4448
10.6847
0.577
1.9997
4.3179
3.3029
-1.0282
-0.8437
1.9765
11.8278
11.6611
4.8021
12.4749
0.0723
0.2043
2.6808
1.2236
8.4448
3.234
14.1544
14.1456
4.4094
8.0739
-2.9753
2.6692
0.109
12.6765
1.869
10.4496
0.6866
3.8133
2.0064
4.6894
1.4894
0.8225
2.5854
4.3621
4.2196
-0.8883
4.4702
-0.0746
3.7493
5.5547
-12.0408
-0.6973
4.2838
4.8601
3.3849
0.7275
2.2049
2.387
-0.9994
0.7279
2.6534
14.4272
13.5873
17.424
11.5157
18.6723
14.5938
14.4272
2.4819
13.5272
0.5222
1.5287
2.5096
3.4025
18.2499
0.0892
-2.6871
3.2695
13.5497
1.6824
2.4943
14.4272
1.6536
1.1082
10.5148
1.6123
1.6922
1.0306
0.4375
2.1709
1.495
1.8597
-0.2019
-0.0746
14.7131
1.1906
13.8633
19.4032
1.5472
4.0272
3.2377
2.7032
1.4043
1.856
1.1054
12.816
1.5467
9.7654
2.8691
1.3579
10.718
1.8035
4.4321
3.0301
14.4784
-6.6758
-0.6044
1.7647
-3.3417
0.0108
3.9392
13.1171
2.0462
-0.6848
13.5873
10.846
3.1511
3.1896
0.0783
3.0248
2.5529
5.7072
0.5014
14.6163
0.3099
18.3374
3.016
9.6282
-2.7782
0.0482
13.0475
2.4122
14.1382
3.6399
3.2673
11.1632
14.2282
-0.1481
3.0479
14.1872
11.5877
4.7474
13.5873
2.69
1.0817
13.5497
13.2829
0.9997
3.561
11.5877
0.4459
3.2538
14.2053
3.1029
11.6611
-1.4464
15.1485
2.1904
3.0351
14.6163
0.0474
14.3429
18.3774
5.1262
14.3669
-0.6399
3.2465
10.5782
2.2043
3.7353
1.9786
4.3204
0.7346
1.0113
2.0992
-1.6942
19.995
13.3437
10.718
14.4476
20.0016
14.1091
10.718
2.2162
2.0462
3.1887
-0.4307
2.533
-0.5509
-1.783
3.0387
-1.706
0.137
2.505
13.2829
0.761
0.3547
-1.309
1.9786
14.3669
10.0028
4.5194
14.4272
1.0491
0.0837
11.8184
2.8041
11.6611
1.4093
2.4276
3.4941
0.0556
2.3308
-0.4143
7.2863
1.7151
14.1091
1.9966
0.7051
2.8788
1.2979
13.5873
10.0725
11.889
3.1244
-1.2582
14.2313
10.3051
1.7991
0.4285
2.2237
10.1624
14.4272
1.6962
4.286
7.2687
-0.2153
9.6752
2.5293
-1.1549
0.1941
14.0542
11.0649
10.3435
9.1148
2.3203
4.9364
1.5887
2.0538
2.923
0.7336
19.5031
3.2426
1.0224
-0.0124
4.5019
3.983
3.2326
3.3088
1.9966
0.5864
2.4685
14.1091
1.2789
1.6478
1.6097
1.7379
2.9232
9.6039
4.2819
-1.1518
0.2649
1.0887
12.2001
12.5587
0.3263
-0.2913
1.23
19.3256
5.2296
0.3926
3.4645
0.2355
14.5018
-0.2175
4.6883
13.4558
-0.265
4.036
0.2633
2.9687
0.4862
9.681
4.2186
2.9325
1.4667
2.8729
3.2522
13.5873
13.0231
2.6072
3.8186
2.5886
0.9465
2.7356
-0.2821
1.2687
10.0707
10.6036
-1.0646
14.3669
-0.3359
13.7306
1.2563
3.3417
2.9755
14.235
3.1215
2.3401
2.2475
0.087
3.0976
14.5001
10.5847
1.8392
2.9595
1.2683
1.4979
2.7834
12.7517
13.5497
3.5106
3.1502
13.0475
14.0122
0.4101
1.6644
-0.1948
14.4272
11.9662
3.1238
2.1807
13.8488
2.6517
1.4539
-0.0145
-0.0476
3.1454
18.3374
-1.5633
2.0297
2.802
4.1857
-2.7347
1.1359
13.9981
0.29
13.2793
4.0565
14.1441
0.99
0.4057
3.7315
1.6739
3.6247
3.1317
3.1701
-0.0547
1.1532
0.9006
14.6163
1.1117
-3.7327
2.9009
10.3286
10.718
3.2473
0.8196
1.6521
1.3145
-0.9589
3.3809
17.4675
2.0578
3.4252
0.774
2.894
-3.2961
-1.1485
0.2241
-2.4107
13.5497
1.0056
3.9423
11.6611
-0.4099
11.4479
18.2499
3.347
1.5639
0.3228
0.5076
1.6911
13.7057
2.7066
-1.0566
4.1109
1.4304
4.0206
1.2087
3.2111
-4.564
3.328
3.4495
18.3374
10.5047
2.4698
0.5652
14.4272
2.5805
-2.2958
2.7817
0.5659
1.1443
3.787
1.7761
13.5497
1.5114
1.3313
14.4272
10.9432
2.2099
1.0826
1.7681
-2.737
1.8541
2.4553
0.1807
3.2152
13.2829
0.739
2.925
19.1783
2.4603
2.3362
2.5342
-0.2259
14.1091
10.0028
1.8432
3.7821
19.3256
2.8075
5.2335
9.5903
-0.1716
1.3191
9.5923
2.5771
0.4439
0.1551
2.3418
3.9225
3.9234
13.5497
3.88
19.3256
13.8009
4.1304
1.0617
0.4776
1.8608
11.5877
1.4967
4.5556
5.2328
2.2187
1.512
1.7838
2.5109
3.0654
1.8921
2.0858
14.5001
10.7771
2.1307
-1.5293
4.1038
1.3202
2.6858
2.3004
7.7959
3.839
-1.832
0.0443
1.4798
4.095
14.6303
6.3836
0.9776
0.5195
0.7061
-1.3663
1.5727
14.4272
4.5495
3.0125
2.253
0.4201
10.5047
0.4363
2.271
18.608
0.3316
20.0016
10.1844
3.8442
13.5873
2.9242
0.3694
-1.2466
14.4784
13.2829
3.5274
0.705
3.6716
0.1749
0.6166
1.5473
2.3536
11.6782
14.1544
13.5497
0.5395
14.9175
2.5688
0.7987
11.0711
14.1938
0.3228
2.9187
1.5859
1.7796
13.0124
4.9697
2.5257
14.4272
14.6163
0.9892
3.556
1.9493
-0.2609
1.9404
0.9917
13.5873
3.5864
9.6987
-0.5414
0.77
0.6226
14.5379
-1.556
10.5847
0.2058
2.4616
5.736
1.9146
16.8078
-0.7284
12.4528
-2.9473
8.4448
1.9327
1.265
4.0739
4.5194
1.366
-1.2064
18.2499
3.2473
-0.7873
3.0445
-7.1187
10.6847
13.5873
5.4285
1.9413
2.8242
11.8981
10.718
-0.1039
-0.9454
18.2499
1.6267
3.1384
2.4553
1.7206
1.6211
0.2047
2.4588
11.6894
4.7618
2.9012
14.235
1.1875
13.5561
1.8791
3.4135
18.2499
-0.0048
2.0505
2.9324
0.9905
1.9924
2.8605
3.647
4.5155
10.8003
0.4563
13.9787
9.7654
1.9162
14.4272
2.0462
-1.3296
3.9843
1.2164
10.0028
0.7679
3.5302
11.2983
2.7869
14.4476
2.6482
1.6632
2.1395
1.0984
-1.5198
3.0047
2.4314
13.5497
-0.4478
3.2181
-1.6938
-0.0298
0.0648
-1.1335
2.6943
2.1278
0.0482
2.0601
3.1975
4.1059
2.2179
3.361
18.2499
14.5938
-1.7592
1.6835
2.0688
14.4272
2.1207
1.6009
4.4791
-2.208
7.7959
-2.5003
11.3746
2.9518
0.862
1.6566
12.5511
16.8247
0.5962
1.7727
3.4777
13.1315
-0.7342
-0.6931
1.1824
2.1535
3.295
13.2829
1.7203
1.4314
0.3722
-1.6313
12.159
-0.4691
10.9975
4.2571
-0.886
0.559
1.1963
1.499
2.004
10.9141
5.0205
14.2198
0.3593
2.687
1.7033
19.3256
-0.4466
1.381
1.6948
2.894
2.9316
2.4899
3.6712
1.786
11.3198
2.6325
0.0126
14.4993
-0.8618
-2.5965
1.5213
2.9844
20.0016
-1.0707
14.1091
12.4749
2.6253
2.6539
10.9156
-0.729
3.5108
14.6862
1.1197
1.5859
1.4282
12.9181
14.3304
13.4093
-0.7444
2.2579
2.3649
-0.8431
2.2026
12.3165
3.9271
10.3713
0.8739
1.8343
3.0472
14.3383
2.749
10.097
1.4667
-1.4019
14.1544
1.3787
10.8036
1.0901
9.9458
2.7237
3.4165
-1.2492
-0.3112
0.0783
2.1121
2.5829
1.5805
1.393
13.7164
13.3943
2.3622
12.5587
6.5441
-0.667
4.2866
1.8232
14.4272
0.4083
-2.3921
0.0796
14.1091
3.3167
13.0475
4.1038
0.7406
4.1806
-0.2619
0.1161
1.0521
4.4094
8.7304
3.1437
1.1954
0.8213
3.173
3.1872
19.7247
3.9478
0.0528
3.3997
13.8152
1.4108
3.46
-0.1598