#input
23.2189
23.7875
20.804
23.3172
21.9483
20.4772
22.9113
22.3895
22.3407
20.9147
20.9517
23.1788
20.9517
23.0197
21.7953
20.804
23.7045
20.7107
23.1788
21.9657
21.9124
21.1737
21.8786
23.8446
22.3098
20.6648
23.4051
20.9517
23.3893
20.9517
21.7953
23.3172
22.0051
22.3202
23.8307
22.3407
22.6681
20.8984
21.9226
21.9483
21.7382
23.8412
21.3885
22.2053
20.6536
20.804
21.6704
23.7475
22.3714
23.0492
20.8423
21.7953
20.9086
22.7326
20.8939
21.0663
21.07
23.2743
22.7807
23.8189
21.7953
22.5693
22.0378
22.7549
21.9124
22.1572
23.3172
23.3172
21.6229
21.4115
21.9608
23.1788
23.3172
21.7953
20.681
23.1788
21.6818
20.804
22.9113
23.8446
21.82
22.272
21.1849
22.3407
22.2071
21.5918
23.1803
23.3172
21.8511
22.3895
21.924
20.7075
22.5693
21.6818
23.7475
20.804
21.3037
21.1849
23.1788
20.804
20.804
22.7549
21.3037
20.9141
23.7475
22.329
23.3172
21.6633
20.9517
20.9517
20.9086
23.31
21.3037
20.5346
21.6633
21.5872
21.956
22.3895
22.6681
20.6648
23.1116
22.5851
22.7549
23.4689
22.6681
21.3885
23.8415
21.9474
23.7389
23.6246
22.4584
20.7873
20.9517
23.3172
21.8786
21.6633
23.1897
21.8784
22.8984
22.4268
21.7953
22.0528
21.7782
20.9086
23.7556
21.6633
20.9086
23.6273
22.1468
21.9843
23.8412
23.8446
23.3172
22.1468
22.6935
21.6888
20.6552
20.7336
20.7873
23.1788
22.3407
23.2189
23.6345
22.1911
23.1788
21.6633
23.3172
21.9712
20.9525
20.9517
23.378
21.3075
21.9124
23.1788
23.3807
20.6648
23.3172
21.6229
23.6273
23.1897
22.1082
23.1788
23.3172
23.3172
21.4104
20.804
23.3172
22.9103
21.8786
23.6065
22.3407
21.6229
23.4051
22.6681
22.7549
22.2053
23.3172
20.8585
21.818
21.9124
23.1788
21.7953
23.6534
20.804
22.3423
23.7328
21.1533
22.1738
22.2053
21.6229
23.1897
20.9517
23.3172
23.262
21.9124
22.3629
23.7401
22.3407
22.2251
22.3407
22.9685
21.7953
21.8784
23.1788
23.2683
22.7549
20.6832
20.9126
21.6633
22.2251
22.3423
21.3037
22.3407
20.6648
21.6633
20.6552
22.3958
22.9917
21.6818
20.962
20.8585
22.1468
21.554
21.6633
23.8598
20.8585
23.2582
23.2707
20.804
21.6633
21.6633
21.9483
20.4772
21.8786
22.8682
22.3423
22.6002
22.6429
21.4095
21.6633
20.1902
23.1788
23.3625
21.3037
23.8483
22.3423
23.3172
21.1629
22.1082
21.3885
20.7448
21.9124
20.5732
22.1468
21.6633
23.1788
22.7549
23.3172
20.9517
23.3172
20.9517
22.3423
22.9917
22.6539
21.8783
22.6681
21.9124
22.9103
20.3313
21.1849
21.6229
21.6633
22.0593
20.7873
22.2391
22.2554
21.6253
22.0054
23.1897
23.641
21.9124
22.7549
23.5566
23.595
21.9727
20.4772
23.1788
20.7448
23.3172
21.303
23.7475
23.7475
21.9174
22.6935
22.6935
20.6973
20.3478
22.6681
22.5707
21.748
22.1951
21.6888
21.7449
20.9517
22.3407
21.7953
21.9657
22.1468
22.9917
21.6229
22.5408
22.6681
20.7336
21.8784
21.4721
22.1512
23.6534
21.3828
20.9517
22.3423
21.6633
23.3172
22.8812
20.4772
22.3407
22.3407
21.6633
22.6637
21.6237
22.0386
23.3172
23.3625
22.9917
24.0268
23.3172
22.6935
21.9843
22.1586
23.2683
20.6648
21.7808
21.7446
21.6229
20.6973
22.2251
23.3172
22.3423
21.818
21.3037
23.378
21.1849
21.8784
23.4689
20.9086
21.6704
21.7953
22.6681
23.4051
23.1788
21.9608
22.6935
20.6182
20.9334
20.5262
20.804
22.3423
20.9517
22.7243
22.7549
21.8464
20.4317
23.8483
22.7807
22.3407
21.6633
21.6229
21.5267
21.9124
22.3714
21.6229
22.3423
21.3037
23.1788
21.6633
21.8315
22.3423
23.4156
23.1788
20.9086
23.4711
20.6648
23.3172
23.1788
21.6179
23.1788
20.7448
23.1788
23.9412
22.1468
22.6681
23.7328
21.818
20.804
23.8446
20.924
23.1897
23.4051
20.7519
20.7448
21.6633
23.3172
22.3407
20.9647
21.6633
21.8942
21.2536
21.9124
22.3423
21.6633
20.9517
23.1788
21.956
24.0375
22.3202
20.469
20.1213
20.6552
23.6065
21.0271
20.8278
23.242
20.7448
20.9141
23.7045
23.3172
21.9788
21.5872
21.9611
23.7475
22.2923
22.3423
20.4205
22.9103
20.9111
22.3895
23.3625
23.7045
21.951
22.2053
21.7444
22.3423
22.9103
23.6273
22.3423
22.3407
22.3407
21.9483
21.9124
23.637
20.4772
23.3625
23.8733
22.9917
22.6681
21.1629
22.1492
22.7807
22.7807
22.6681
21.5918
23.6103
22.6681
20.9334
22.1468
23.8483
21.6229
20.9334
22.9113
22.1468
22.2053
23.8161
22.3714
21.4283
20.8862
20.7448
22.6346
22.1468
22.9993
21.3037
22.8177
22.2913
20.6552
21.6229
23.1788
20.6552
21.6553
24.1525
20.3478
22.2071
20.9334
22.3407
20.1213
21.0169
20.4772
23.2189
20.5297
21.9648
21.6531
20.6552
20.924
23.9317
23.319
22.9917
20.6648
21.6633
22.3407
23.1788
20.9086
21.9712
20.9334
21.8784
22.9103
20.9517
23.7045
21.4721
22.2703
21.8803
20.9517
21.3037
21.6888
20.9334
20.8585
22.7549
20.9086
22.2778
23.0747
21.8209
21.9174
23.6109
22.0926
22.3407
22.4822
21.9124
20.8306
21.6138
22.3407
20.804
23.8446
22.9103
23.1788
20.7873
21.7129
23.6273
23.6345
23.3625
21.7953
23.3966
23.8127
22.323
20.804
20.804
20.9086
20.9517
20.6923
23.637
20.9126
20.6609
22.1082
20.7448
22.6681
22.9917
20.9086
20.962
20.2108
21.6633
22.3423
22.6681
22.6681
22.2973
20.9334
22.3098
20.7448
21.9474
22.9917
20.9517
22.3423
20.9517
24.0142
21.6818
22.9103
23.3172
23.1788
23.1788
22.4036
23.6476
23.1788
22.6681
22.9917
23.5189
20.951
23.8446
23.3172
20.9086
23.5866
23.79
20.6552
23.1788
21.6633
22.3714
20.9086
23.9562
23.1788
23.1788
22.7549
22.2071
23.6525
23.262
20.5313
23.3625
20.4205
22.3423
24.0375
22.9103
21.6633
20.804
21.1672
22.0265
23.3172
21.7953
23.1788
21.6633
22.1941
21.6229
20.6648
20.9525
23.3172
22.3407
22.3157
23.3172
23.3172
22.7549
22.3895
22.3423
23.7475
20.136
22.3407
23.7475
20.9334
21.6229
21.7961
21.8786
20.9334
23.4051
22.3419
21.975
22.1586
21.9608
21.6633
20.9517
21.1245
23.1788
23.8598
21.9681
23.6469
20.6648
20.9517
22.3423
23.8471
22.7625
21.6229
21.3037
20.9086
20.3769
22.2109
22.7549
20.804
23.7079
22.3423
21.8784
22.7549
23.3172
23.3172
22.1572
21.0169
21.4115
20.6552
22.4511
20.3313
22.7288
23.8446
23.7475
21.6633
20.9086
20.7448
23.3318
22.3423
21.1504
21.9788
23.1788
21.7953
20.9517
21.6587
21.8209
23.781
22.0591
20.9126
20.6648
21.7826
21.1849
21.7129
21.0697
21.6736
22.2703
22.6935
22.4268
21.8591
21.1849
20.9334
23.1788
21.6633
20.9517
21.8784
20.9086
21.6633
21.9727
21.9608
21.6633
20.4772
21.8784
20.6648
22.9103
20.8984
20.924
22.2251
21.6818
22.0378
23.1788
22.5836
22.3407
22.9103
21.9174
22.0022
20.9086
20.6648
20.804
20.8437
22.3895
21.9124
22.2359
21.6229
20.1756
22.1492
22.2282
21.9124
21.7953
21.0361
20.7519
21.963
20.7873
20.924
22.3098
21.1849
22.3407
21.1028
22.7549
20.6973
21.6704
20.9525
22.3407
23.3172
23.3625
20.9086
23.7346
22.4271
22.2053
23.606
20.6659
20.1213
21.6704
22.3177
21.3826
23.8412
22.8162
21.1849
22.1941
20.9334
20.7873
23.6159
23.1788
23.3172
23.949
22.5639
20.9334
23.3625
23.1158
21.9225
21.7129
20.2727
20.8585
23.1897
21.6633
23.6534
22.3407
22.3786
22.7549
23.9244
21.9712
23.8483
21.818
23.0747
20.924
22.7549
22.5707
22.3786
23.5491
23.3172
22.0051
21.6818
20.9517
22.0386
22.2071
23.3625
20.9517
21.3885
23.1788
22.1468
23.1897
20.9111
21.5038
23.3172
23.3172
22.3895
21.0989
20.9126
22.8288
23.0747
21.5267
23.7492
22.1295
21.4115
23.3172
21.6253
21.9687
22.3407
22.1586
20.9141
23.3172
21.1849
22.4511
22.3407
22.7549
21.9798
22.291
20.9086
20.804
23.3172
22.8425
20.6552
23.8008
24.0573
22.3407
24.1405
21.9124
22.0926
23.7475
23.695
23.1788
21.6229
22.3786
22.0386
20.4772
23.3625
23.6263
22.9132
21.4115
21.6229
21.0663
20.6648
21.6633
22.7807
23.3172
23.6534
23.666
23.6109
21.6229
21.8784
20.9517
21.9124
21.4939
22.5836
22.0593
20.4205
22.3157
22.3423
21.6869
20.8938
20.7107
22.3423
22.2181
20.9141
23.3625
23.1788
20.7448
21.6229
20.9086
21.0181
20.6973
22.7549
22.9976
22.3423
20.9517
23.3172
23.1788
22.0575
21.6736
23.1788
21.4115
20.9517
20.6648
21.399
20.6552
23.3172
22.0587
21.9543
20.7336
21.9952
20.9126
22.1008
23.6469
20.4317
21.0377
22.1679
23.6835
21.2485
22.9917
23.7413
22.7418
20.8585
22.3407
20.6648
20.9086
20.9126
20.6648
21.6335
21.4721
21.4283
21.9376
20.4205
21.5038
22.3423
22.129
23.1788
23.1788
20.9517
22.1938
21.515
21.7953
22.3479
20.3313
23.3172
23.7475
22.2249
23.3172
20.9141
23.6835
22.1408
23.3172
22.3407
22.6681
21.8784
23.1788
23.9562
20.9086
23.7413
23.5935
22.6681
20.7336
23.3601
22.3407
20.7448
22.3407
21.6531
22.2606
20.8223
23.8008
23.1788
21.956
23.1788
21.6633
23.4821
20.9334
23.4821
21.975
22.3423
22.2913
23.8483
22.0023
23.242
20.9517
21.1849
20.9334
23.8471
23.6065
22.1468
24.0737
21.5038
22.3407
21.6229
22.4684
23.3172
22.9917
20.9086
21.4198
21.6579
23.31
23.1897
21.956
21.8814
21.8784
23.3172
22.3407
22.8531
20.9334
22.3714
22.4651
23.1897
23.0747
23.6273
22.6681
23.6273
23.3172
23.319
23.7475
20.1756
21.6229
23.3625
22.2913
21.1849
20.9086
24.0268
22.2053
23.7045
21.5267
21.9727
22.9103
21.1737
20.8585
20.9334
22.3714
23.952
22.5836
21.6633
20.9517
23.4051
23.3172
21.3844
21.7382
20.9334
22.3157
21.6229
23.781
23.6683
23.7475
22.8334
21.5253
22.0495
22.9103
20.9334
22.1586
21.1849
20.7448
21.6633
21.6587
20.7274
21.8784
20.6552
21.6633
23.4156
21.8822
20.2944
20.9334
20.6084
22.6681
22.7807
20.9334
23.5007
22.7549
22.7549
23.1788
23.1788
23.1788
23.1788
23.4119
23.2397
20.9517
22.7549
21.6704
21.9608
20.6648
20.9126
20.9334
22.3407
20.2732
22.9103
22.9213
21.9727
23.3172
23.637
23.1788
23.6534
20.4205
21.3885
23.242
20.9086
23.1788
20.6579
23.9562
22.2109
21.8719
23.1788
23.8412
23.5556
20.3167
23.6376
21.8784
23.8307
22.4271
20.681
22.2251
23.3625
21.818
22.9298
23.7045
23.1769
23.3172
23.7475
20.804
22.1468
21.6587
23.6835
23.5866
22.6762
23.4051
23.9993
21.9124
23.1788
23.3625
23.3172
23.5034
22.3959
21.3037
23.3172
22.3423
21.6633
23.5711
23.31
22.3423
20.3313
22.3407
21.9124
20.4772
23.3172
21.7953
23.7782
21.8574
23.637
20.681
24.0268
21.8892
23.3172
22.3714
23.8189
22.5985
22.6364
20.9327
22.1056
22.2282
23.1788
23.781
23.1788
22.2345
24.0603
22.1468
22.1738
20.681
20.6828
21.4419
23.6038
22.3157
22.9103
23.1788
20.8562
1.0622
12.7521
20.0016
9.2233
3.9922
4.0272
1.2565
1.8278
2.7817
4.1038
20.0016
1.8955
14.3387
1.8728
14.4653
3.1083
3.0047
14.4476
7.7959
12.4528
12.2245
9.7521
14.6654
17.8672
0.1934
2.8075
2.3562
3.2229
13.7746
12.9549
8.7304
18.2499
0.3272
1.4742
14.1091
2.7766
13.2829
18.2499
3.3358
11.9473
11.0711
4.4406
2.5558
5.1135
10.8015
3.3761
3.0612
0.8707
2.8952
3.0769
2.8592
2.0064
3.0994
7.5251
1.2629
4.2423
2.8328
6.8079
12.4749
4.8055
10.4236
7.2863
2.0633
11.2983
1.9146
10.0028
9.794
14.5001
2.2179
1.9903
-0.4134
3.1277
14.6048
11.5877
3.5352
5.0659
19.5921
8.7304
20.0016
1.9665
11.6068
3.6399
7.7959
17.0345
2.1746
9.7245
3.1502
11.6068
11.6611
2.2569
10.67
18.4299
1.9522
2.506
14.4357
1.9146
6.5559
19.1783
1.6461
1.6825
14.1441
2.9781
1.3046
2.8231
1.8218
2.9964
3.0923
9.8785
3.3814
4.6894
7.6609
1.4571
14.1091
12.4749
4.6762
7.7959
3.1981
12.4749
14.4272
1.0606
4.1826
3.3809
18.4299
2.8468
3.5289
3.9708
14.5018
1.6292
2.6799
1.9556
4.1857
9.8921
2.131
9.7245
10.9956
3.4561
3.1318
17.0345
14.249
10.0707
1.0243
0.0696
-0.709
2.9248
17.2759
0.3563
2.3949
14.5001
2.5276
8.7304
3.1437
10.9432
1.858
3.3235
3.121
2.4707
2.8076
0.7929
10.0725
11.9498
2.988
4.9537
19.3256
1.2172
14.1938
2.4254
4.1535
12.7865
1.265
3.0088
3.57
3.5331
12.4749
0.6996
1.8809
2.0894
13.2976
2.6823
-0.1817
2.28
1.5763
2.4942
13.8488
-0.8565
0.7511
3.2979
2.5831
-1.02
14.4272
4.1094
4.2301
10.0028
1.0276
1.604
3.1244
20.0016
1.5121
13.2829
8.4448
18.4724
1.5999
9.3204
1.2932
0.8208
3.3845
2.697
10.6124
4.458
14.4272
14.5001
19.3256
9.6039
2.7162
1.8531
20.0016
0.295
12.9549
3.0649
4.0462
4.6748
0.763
1.0045
5.0621
10.0028
0.9078
1.9575
2.6203
13.8676
14.5001
19.1783
14.4272
0.4828
10.0101
12.4528
1.0931
0.7695
2.5117
-0.5603
14.629
10.718
18.3374
10.0028
4.0051
2.7996
5.4801
3.2967
18.1198
3.1984
0.6122
11.4559
4.2137
9.6282
1.7579
12.5531
3.1117
10.9724
3.5762
-3.2098
2.4465
2.696
2.0563
1.1746
1.9134
7.192
12.4749
1.5234
1.0848
-0.2226
11.5017
3.1755
3.1159
3.8255
1.4349
10.7237
3.8684
4.814
13.7057
0.6823
17.054
14.2792
0.9026
2.0484
10.0028
2.5317
1.9758
3.1322
2.1292
3.194
2.434
2.6314
3.0778
1.8028
4.3388
-0.3392
14.2282
-0.4099
14.235
19.9967
0.6438
3.634
9.7245
14.1794
2.5964
2.5525
2.389
2.1967
9.6039
6.5559
18.2499
1.277
18.2499
11.0799
16.9559
13.5873
3.4387
1.9146
1.9307
11.0748
18.2499
0.7388
14.4272
2.1294
5.2328
-1.7829
13.2829
3.8996
-0.3324
13.1171
2.3298
13.2829
-0.1203
0.6981
0.7112
13.2829
2.8691
0.7753
1.8
2.77
2.7178
3.6285
14.4204
2.1844
10.5514
3.4303
2.8717
-0.786
20.0016
9.8722
1.5399
14.3669
5.448
3.6822
1.8911
12.5511
9.5541
3.2136
3.4433
1.6903
3.3491
4.7341
18.3374
14.4272
14.4272
1.6741
14.8848
2.9766
0.0916
10.5811
3.2359
10.6847
1.5256
9.9601
14.6048
4.4657
14.4272
14.4272
14.3995
14.5018
13.9204
14.1938
14.2878
11.0932
3.207
14.4541
1.4707
0.6084
1.4643
0.942
10.6272
9.3572
1.0588
14.5001
3.7353
13.0953
10.718
3.1309
19.9456
0.3867
1.6362
20.0016
14.3669
10.8188
0.2727
3.988
-1.0433
16.8247
2.0835
-0.1846
1.8786
1.5859
14.3669
20.0016
1.9938
3.5834
1.0185
2.8673
0.9718
9.4683
2.9755
14.7131
4.2074
3.3202
10.6752
14.1091
2.4723
0.2347
1.1256
0.9123
2.0967
3.7244
1.7592
2.5964
1.2341
0.7998
12.4749
1.5839
3.3812
0.3334
12.4528
2.4722
18.4299
0.5869
10.8015
1.0732
10.8873
12.5738
4.0309
14.2878
19.6644
1.5635
10.6438
13.8488
8.4448
0.766
4.545
-0.1505
4.7909
3.1949
3.0055
12.0171
18.4299
18.9432
-1.7495
14.4272
2.8039
0.9792
3.4858
3.1949
3.3367
0.099
1.8748
1.4131
3.4541
4.475
8.8786
0.1552
1.4671
2.6972
2.76
1.7103
11.2983
11.0175
13.2829
1.908
6.5559
2.254
4.4312
3.5675
2.2484
5.0299
13.3064
3.5263
2.0751
2.2732
1.1539
2.8673
2.4665
14.1292
2.9862
1.4271
3.0612
14.4272
0.4354
3.46
19.6644
2.1178
5.3607
12.5689
2.0976
1.8704
4.5556
4.0742
18.4299
10.5973
6.3038
0.2118
13.5873
0.3862
2.3836
14.6261
10.0028
3.6582
11.0732
3.1413
14.4476
14.4272
1.7524
6.9074
3.0521
3.3002
9.6039
2.5744
3.7993
8.7304
4.0544
20.0016
5.5908
2.8082
0.4617
18.3374
3.7861
14.3669
17.7595
1.9134
4.4874
5.0205
3.88
3.9733
0.9026
2.994
2.548
14.1456
1.2558
14.3669
14.4272
20.0016
12.4749
12.3616
0.6403
4.0736
3.3821
14.4272
16.4929
0.5374
1.3126
13.7164
3.5487
1.7991
2.7817
14.4272
14.2313
14.2304
3.188
2.9844
1.6498
14.086
4.409
1.7184
2.423
14.4272
13.0267
2.7442
16.9767
13.5497
2.5118
1.1847
2.7148
3.0301
-0.3403
3.1425
2.393
4.5793
11.2179
5.0606
4.2513
2.7273
3.8471
2.3015
10.7771
14.4272
14.1544
3.9868
0.2794
2.5765
2.2445
3.1302
4.7477
3.1545
4.0976
0.4185
0.1863
2.8147
1.9924
14.3669
10.6923
3.7253
5.4211
10.9956
13.7209
5.4145
0.0554
4.5559
11.3651
20.0016
11.0649
1.4547
1.6255
0.0628
2.5579
4.0458
5.753
10.0028
11.6257
1.9146
2.9532
0.0888
14.3669
13.837
10.0725
0.7737
11.1215
9.3204
14.2932
2.0333
0.9882
2.1735
17.0345
14.2878
11.8981
8.3457
0.5891
11.0649
14.165
12.4528
0.4439
-0.4425
14.3772
2.7986
7.7004
4.6229
10.0028
2.2792
16.7912
13.5873
3.0923
3.7151
3.561
1.4
13.8105
14.3669
2.6487
13.4562
3.0134
3.7151
3.6997
19.3256
0.4014
2.4796
2.7965
14.7131
3.1322
18.2499
0.9074
1.517
2.3964
10.0929
0.4015
-0.4509
1.4892
14.4272
1.0862
2.3195
2.9891
12.6343
14.6356
3.1895
11.6782
2.9708
2.1274
1.2562
3.1322
14.7131
2.4196
2.8825
0.5668
18.3374
10.6562
12.9107
4.3605
7.3719
1.8648
3.8948
0.7528
0.2282
12.1245
3.46
3.1952
1.95
2.0899
10.9141
1.7243
0.743
12.5511
1.2255
10.1051
-1.2553
1.5078
14.4272
3.46
4.4849
3.6105
12.5508
4.0057
1.5624
13.8778
3.6272
10.89
13.7348
12.7243
14.1091
5.1024
2.9816
3.3296
2.6406
2.8656
19.4633
4.4155
4.8662
2.221
4.6576
2.7005
2.4809
11.0799
7.7959
3.3036
3.5314
3.6529
0.8084
20.0016
7.2396
9.0728
1.8496
5.3537
9.3351
13.7416
11.3545
0.1178
14.4204
3.1165
3.3664
-0.2849
14.3387
4.0876
0.0783
0.2605
2.8075
2.8458
2.5469
13.2829
2.7553
0.8119
13.4696
-1.7759
14.2198
19.4633
11.9203
2.0229
4.6234
3.0904
18.2499
2.1086
-0.5582
14.4242
2.7474
3.6423
4.2267
4.0953
4.0245
10.5305
1.9848
3.1981
3.17
18.3374
8.7304
14.4272
0.3153
1.1567
2.1807
3.191
2.5317
3.0239
13.2835
1.8644
2.8579
14.0141
4.2802
1.0627
4.2939
20.0016
14.1788
3.9271
1.7469
10.7685
2.2153
4.6126
2.7817
14.1091
14.3279
13.7306
10.0028
14.5004
14.235
1.7543
0.9911
3.4521
3.4689
14.7355
2.1246
8.7304
1.6721
-0.3131
2.9774
2.7944
2.2609
4.0793
13.5497
3.0133
3.8301
14.5001
3.1966
17.4873
2.4902
10.6036
10.5356
9.5603
11.5693
2.0918
1.9413
2.8503
14.3669
12.4528
1.3313
3.4039
14.4476
13.5873
3.7613
4.4752
3.254
1.7571
3.4091
11.6611
12.4528
3.7858
3.1761
1.5073
1.8732
1.9471
-1.7861
11.5373
10.7137
14.6163
1.9786
7.7959
0.7599
13.7814
17.1655
20.0016
14.4272
3.1032
1.0371
1.2742
14.4242
12.1326
18.3374
11.4007
1.651
18.2499
0.2342
14.4272
12.2304
13.0328
8.0091
13.7195
18.4299
3.9131
13.2829
4.7822
11.5266
2.5196
9.1595
10.2357
1.7046
14.6356
13.5577
11.0866
4.8188
3.1653
8.7323
2.1075
2.8895
10.0028
14.4272
11.5086
3.7821
7.4121
3.946
13.2672
3.1238
2.8996
0.7465
4.7719
3.3997
1.9533
0.8065
-3.8993
4.1241
2.9502
4.4582
2.2911
0.989
1.3675
12.4749
-0.1086
0.4244
-1.0991
14.1544
-0.0742
1.7991
-0.7682
2.9321
0.0783
13.8633
14.2086
10.718
4.3001
1.1713
9.6039
1.4019
-1.4357
1.0978
11.6255
14.4272
3.0124
7.7959
-0.7678
14.4784
2.8511
1.817
3.2766
13.3419
2.789
5.007
19.3256
1.9124
1.7684
2.6517
4.2726
1.7149
2.387
1.9665
14.8297
17.0345
10.8009
5.4733
4.4312
2.042
-1.5198
14.4604
14.5001
3.5202
1.5999
0.9516
3.9733
2.9215
18.3374
18.3374
13.4009
12.5511
1.6632
8.2996
4.563
2.9555
3.1981
-0.3666
14.5938
8.2776
1.9946
3.3978
3.1099
2.9655
4.1958
2.4845
3.5062
14.2313
2.2599
12.5414
2.7768
3.1413
14.3669
1.8271
-1.2242
4.257
3.2852
0.6055
13.1171
1.7893
2.6113
2.6244
2.5389
2.3928
14.2878
4.896
9.9704
1.554
1.5859
11.5086
1.6912
1.7721
4.8669
3.0193
2.8032
4.5745
4.3604
11.2983
17.4568
1.82
18.4299
2.1887
11.5184
1.1748
14.6649
0.7009
12.7689
-0.5689
2.5964
3.0034
18.2499
1.7813
1.0654
13.6737
-0.9063
3.0301
2.9508
4.9996
9.9602
2.3773
5.5908
3.3417
0.961
4.2649
19.5276
2.3933
1.7939
2.271
0.4715
1.9146
11.186
2.1751
0.381
10.3036
1.4854
14.4272
3.0171
12.6013
1.9305
14.5798
2.8732
1.762
10.89
13.8488
4.7269
11.6924
3.0612
2.8938
14.5004
1.265
11.2948
18.6143
15.0888
18.4299
9.3448
7.7959
2.6468
3.0654
18.2499
3.0021
1.6168
3.5669
4.338
-0.2289
1.3069
0.4216
11.3198
3.2669
2.9767
8.7304
19.3256
5.0472
10.7064
4.1999
14.0787
2.2301
1.6469
14.1145
1.9534
0.4531
2.4713
14.249
14.2181
1.9242
1.1827
10.4505
1.7784
1.891
3.2408
8.0337
3.5681
14.5215
2.9532
3.4944
18.2499
18.3374
14.4204
14.2792
4.264
0.5685
2.6361
12.6013
5.1639
0.2611
4.7774
5.073
4.7393
14.0542
10.7633
4.7271
2.8775
7.2396
8.7304
1.9023
3.1525
8.7304
1.7243
9.5121
0.3092
1.2008
3.8794
2.755
3.1739
2.3755
2.8332
18.3374
14.2198
0.0837
13.6246
9.1299
1.6613
4.6536
3.2791
2.1453
2.7336
2.0032
3.3417
14.4272
1.9558
9.9704
3.7902
3.0637
4.3402
3.8226
2.8365
2.9248
3.4561
13.4696
14.4993
8.7304
8.8759
3.0359
11.6782
10.9724
4.8021
1.7393
3.7467
3.6111
3.6189
13.8152
1.5692
3.2413
0.9067
4.4094
3.7353
2.8705
4.8686
10.8395
4.456
10.8536
3.7902
4.0309
8.3697
4.0214
2.5457
3.6678
2.3158
1.7608
3.2993
4.4148
2.0139
1.557
19.3256
1.3137
2.9655
0.4875
2.775
1.373
3.7307
20.0016
2.0795
1.9665
2.4342
0.7711
4.8453
2.5239
16.8689
2.255
13.2829
11.0152
-0.4872
3.9501
8.9394
4.1058
3.1966
2.9991
11.2983
2.3139
1.7643
3.1275
16.261
12.5587
2.5926
-1.2588
8.0739
11.2983
-0.1435
3.0267
3.4257
4.8614
-0.0379
18.3374
3.5477
14.2792
11.6611
2.861
19.1783
18.2499
2.5069
1.5034
-0.2291
18.2499
1.9537
10.6272
14.4194
17.7595
0.7
19.4633
14.3669
4.1546
1.9455
20.0016
3.1681
5.069
14.041
0.5416
1.226
10.5453
1.9912
-1.252
13.1923
2.7459
11.2983
2.9804
4.4192
10.3545
13.9806
1.4306
3.8069
3.3497
0.173
3.1378
3.6423
3.3876
13.6514
2.3418
14.2304
11.8981
0.8478
12.4749
-0.3768
17.0822
0.8196
10.597
13.7673
1.2575
16.8208
1.9704
4.173
10.9432
14.8848
2.6686
2.4574
4.1852
5.438
3.0007
2.5744
4.9405
7.823
3.6245
-0.5144
0.1593
3.0951
0.1914
0.1055
2.5819
1.6459
1.4716
0.7971
2.5045
1.6524
11.9945
2.2332
3.8647
3.7164
9.8146
1.0272
3.1625
4.1422
8.6575
2.5606
1.9174
3.4663
4.4614
14.6163
3.2892
2.6992
6.5441
3.0239
4.6615
1.8175
2.7976
12.4528
2.7934
9.8935
14.9601
-2.6277
4.0187
3.8778
8.4448
4.0875
10.3308
10.7771
4.1015
0.7297
13.2829
6.904
3.2708
4.8591
11.7879
4.2441
11.7152
1.7234
2.9976
13.6595
3.5695
2.3403
2.9641
18.3374
0.8381
3.6985
3.3957
2.6372
3.1191
14.3772
10.0028
10.5111
4.7834
2.7393
3.1696
1.7925
4.3671
-0.7573
4.0612
14.4784
10.928
0.1169
2.6276
6.7321
0.8676
3.3152
13.8261
14.4541
3.4856
14.4272
2.4581
1.0861
6.5559
1.9248
4.4087
14.1456
-0.5144
2.7066
2.8365
1.1733
12.6013
1.9065
12.4749
4.022
2.1396
19.4724
5.4233
13.5873
7.7959
3.0594
3.0731
14.5426
3.1117
13.5873
0.593
3.8004
4.0853
2.434
13.8261
-0.4598
1.5489
2.2326
2.3198
3.7243
1.9665
3.0654
13.2829
1.6631
2.429
13.8488
3.3145
13.4771
14.4272
0.1876
2.0398
1.4649
1.0755
0.8065
2.129
14.1091
3.5515
11.2983
1.2184
11.4699
4.2649
4.2289
1.265
3.9271
1.7552
10.1999
3.7151
2.0273
14.5001
2.6181
3.7307
2.3976
3.7821
0.8244
9.5603
4.264
2.7297
0.041
11.9153
3.9216
8.7605
3.2287
0.9477
4.0793
3.9225
-0.4369
12.6343
3.6511
2.4809
17.0345
8.7367
2.0107
1.384
5.766
14.1456
14.2198
10.0368
19.4724
2.5964
19.1783
10.5059
3.6245
2.7488
0.4416
3.0555
1.7147
2.5525
1.7308
13.3419
7.776
-0.1401
17.1571
11.9109
2.9447
9.5603
2.5581
2.1524
14.3657
2.5525
17.7595
3.0677
2.8649
10.3099
2.8153
19.6644
8.6309
3.2025
10.0806
3.0047
-1.3005
8.4492
3.4165
17.0345
0.7014
3.8578
20.0016
11.5877
10.6036
1.189
4.5292
3.8548
0.1308
2.7436
4.3671
9.342
14.7131
14.4272
2.2415
19.6644
2.8092
3.6652
3.7766
2.9774
12.5587
19.3256
0.5668
4.8744
4.3204
3.4353
17.0345
11.1267
11.5086
7.7959
14.4082
3.2634
1.3892
10.5356
2.9755
1.9146
20.0016
2.9009
2.434
20.0016
2.6181
1.2289
14.5001
20.0016
14.446
-0.317
20.0016
-0.917
0.0061
1.3376
4.1511
10.821
11.246
-1.8467
18.3374
5.0905
18.338
14.1661
20.0016
4.5557
14.5001
5.0279
20.0016
1.5981
0.1813
11.2242
1.52
3.3318
14.5426
20.0016
10.8003
2.3787
2.5854
1.6233
2.8039
4.068
4.4033
4.4657
0.4562
2.8761
3.8614
10.9597
12.4528
11.4327
9.2577
0.09
14.5001
1.877
1.5351
3.4858
7.7959
1.0241
2.482
3.7064
14.4272
1.9146
20.0016
13.6999
14.4381
2.4197
10.0028
17.8988
1.0674
10.5811
18.3374
9.7654
1.6387
2.74
18.2499
-1.1841
14.1091
2.6493
4.5451
1.4189
1.736
13.978
2.8825
10.1589
3.9221
14.3711
11.3435
14.4272
0.325
1.5361
13.8488
3.6051
2.5005
3.1971
11.6611
3.9271
11.2441
11.584
1.7613
3.8481
-1.1706
2.2434
-0.4336
0.1346
11.7152
14.4272
13.5873
14.4272
10.8024
10.63
1.6253
14.1544
7.9566
14.9399
3.1904
3.8554
12.1333
1.5978
12.5511
2.5978
2.0104
2.2977
2.4796
11.8268
11.5877
9.6624
0.7773
11.4463
12.7243
1.7899
13.5873
17.8988
3.5449
4.0272
10.8542
8.7304
4.5745
0.0668
2.2716
2.7817
3.8069
3.0682
0.8225
1.9413
3.0167
9.7319
2.8102
9.722
14.4993
3.3471
2.8141
1.8806
2.9406
13.317
3.048
14.4676
12.8219
14.0542
1.2632
3.1232
13.8242
12.6343
2.9785
3.8851
3.3922
2.5964
14.4272
9.533
11.2983
18.3374
0.8222
1.9362
20.0016
3.7902
3.2923
3.3127
1.0941
2.9755
2.8835
16.2105
5.0659
2.8141
3.3157
2.8901
2.0104
10.67
7.7959
3.9999
3.2664
2.7243
8.2626
1.6269
1.8775
19.8359
4.4811
11.2983
1.4293
1.7173
9.0933
1.9049
1.1158
13.2829
9.2978
1.8543
2.7126
-0.8705
8.3697
11.5292
4.1471
4.7834
14.5001
3.0124
3.4521
13.6465
0.8691
14.1185
12.5062
12.5587
2.4553
11.7972
3.1871
14.1091
3.7674
12.4528
10.3036
4.068
17.9213
2.7817
13.5873
3.1958
2.7093
2.5116
2.7817
3.5458
2.7097
14.4476
4.148
14.4272
4.5499
3.9271
2.0322
10.4505
-0.0425
17.054
13.1152
2.9348
1.7474
20.0016
14.2282
3.0608
4.5603
20.0016
10.9654
2.434
1.4926
-0.7311
9.4983
1.6498
5.4145
3.8874
1.6358
2.6501
-0.878
14.4272
14.6356
2.6215
14.235
14.5001
13.317
4.5952
3.4777
13.5497
3.2196
0.8212
-1.2553
12.0324
4.3179
2.7273
2.2253
2.463
10.2688
14.1091
3.8471
1.2489
14.0815
11.0799
4.5551
2.8492
13.2829
2.7054
1.5835
1.2219
1.6233
10.718
11.9888
0.9343
10.5047
11.9838
1.5095
3.1322
0.7668
2.3848
10.486
3.0311
13.5873
3.2122
2.3319
1.8374
3.0682
14.4272
3.1755
3.5203
19.14
0.8006
9.5419
14.4272
19.6644
1.2629
9.6039
3.7821
4.2838
3.0734
10.0393
0.7751
0.6168
3.0632
0.938
3.0417
3.1484
14.4784
3.7151
-0.5269
1.869
1.9676
4.717
19.6644
-0.0938
3.3446
2.3657
1.807
1.8177
1.9267
11.3198
0.9882
18.3374
1.4686
1.3212
3.048
17.0345
3.0047
14.4272
3.0608
9.3204
2.2636
1.8153
5.5313
0.6135
1.9146
10.5356
4.2348
3.3997
11.9387
9.3204
3.1991
1.4827
2.3833
4.4793
2.7261
2.3149
3.3857
1.9808
3.4277
12.6343
1.0799
4.2256
10.5782
1.2101
13.5873
14.0227
11.2242
2.1798
2.8876
4.2798
2.5336
2.7265
0.2005
1.595
10.8932
2.8736
12.4528
14.4357
3.2199
14.1938
2.4764
1.6358
14.7131
2.7273
20.0016
2.9708
11.186
18.8663
1.7772
4.1861
18.2499
3.0347
0.3338
20.0016
14.5001
7.5618
3.0118
1.6875
3.437
9.3359
11.8279
9.7319
12.2541
2.74
0.6014
2.6743
-0.5996
1.6758
14.1677
9.9957
9.1595
14.1091
10.0028
9.2567
3.1413
1.1359
1.2814
2.6379
14.2263
9.1726
3.0193
10.5489
1.8071
4.718
5.4329
5.5554
1.6536
14.5272
12.4749
2.7471
19.3256
0.8774
3.4723
4.0293
18.3374
11.0543
14.1091
14.128
3.1979
14.3624
3.6985
1.3313
1.4101
19.4724
18.4299
9.2251
12.3165
14.5001
2.2973
18.3374
4.5763
0.5674
0.3747
14.4272
2.9973
0.0783
7.7959
5.3118
2.9548
14.3669
13.2829
-1.1867
2.2509
4.1059
14.5938
1.8572
13.1928
2.4978
1.3524
2.978
3.7517
3.2796
3.5554
0.9982
11.6303
11.3545
3.3434
12.4749
3.5314
11.0543
13.0628
2.7121
3.5422
1.9146
1.7955
4.7558
2.0883
4.0143
1.9896
3.627
11.2015
0.6681
2.4916
2.938
11.4906
10.3036
3.1322
2.7222
2.9532
3.3876
2.1912
5.3501
3.8287
17.0345
10.37
3.8224
2.4753
3.0311
13.6012
3.5376
3.058
11.4146
10.0028
9.223
3.1388
13.4037
1.0167
3.2047
1.9566
1.9929
14.4272
10.9513
1.7605
2.1514
0.0829
1.6295
1.5424
0.9977
19.6851
10.67
5.5989
14.4272
8.7152
12.4749
1.1871
3.7151
3.8285
12.5738
5.0468
1.4319
2.2269
0.8628
2.2909
19.1783
14.2015
3.2612
1.9665
2.2179
1.1427
4.4382
0.5236
11.2983
2.9738
3.4829
2.2201
1.6396
14.235
1.9914
3.043
10.8669
0.8856
-0.9239
7.7959
1.6947
-0.3368
13.5497
2.3582
18.3374
2.8337
1.413
14.4476
1.7243
4.7741
13.2829
-1.0893
0.7238
4.0705
-0.0085
3.1099
13.5873
14.5938
4.2579
9.5603
1.9043
1.508
13.2829
3.8303
2.2179
0.939
17.3185
14.0237
2.0462
4.1474
4.0305
8.4448
1.8218
4.4094
2.749
3.3143
0.6097
14.4242
3.3583
10.3216
2.1519
11.9203
3.8152
3.9356
19.6644
14.5798
13.9184
0.5864
2.9248
1.7461
2.6721
-0.7602
4.1815
8.4448
3.6489
3.0056
10.3882
10.7362
14.4272
3.5584
2.4718
2.8875
14.1544
13.8009
0.5291
1.3474
0.9862
4.2628
4.5556
-0.1474
10.0028
11.2704
0.0512
0.8751
1.7482
0.7561
1.7997
3.539
0.828
5.2183
5.3789
10.0028
3.0693
3.1608
14.4476
13.5571
-0.1433
2.9248
13.5873
3.1438
2.2673
2.2167
12.5587
2.9475
-1.031
14.5426
1.4624
2.9973
-1.3103
18.3374
1.6468
1.9185
1.9441
14.8297
3.3978
2.5864
2.9042
2.1294
2.9671
5.0693
19.6644
10.0028
3.8101
2.9299
3.8004
8.4448
3.1455
13.4747
2.6648
13.2829
14.4272
2.9341
2.5128
14.3669
14.6649
1.0812
2.9755
13.1782
14.8297
1.6054
2.3908
14.249
9.8546
0.5962
17.4568
13.5497
3.673
3.0981
2.0882
2.2819
1.736
13.4198
5.1324
18.2499
2.9009
2.3343
1.423
2.9444
3.2662
2.9022
1.6494
11.0789
3.642
2.3198
3.207
6.5559
2.7534
10.5588
3.0561
2.3326
1.4172
19.1783
14.4343
0.4138
14.0883
17.0345
13.5873
1.8766
2.3697
13.8676
-0.2329
1.4086
0.7357
1.1577
2.641
2.8041
9.7654
8.906
4.3001
13.3943
1.2252
4.1512
14.4272
1.2673
1.7759
4.5085
2.9282
1.8644
2.6265
0.9981
2.3057
15.1079
9.1595
9.7654
0.4955
13.5873
14.8297
14.4272
1.6225
3.8809
3.234
18.4724
2.8365
3.7308
3.7353
2.7066
3.9501
3.4987
3.4075
1.6572
2.7044
8.6309
2.882
16.7912
0.8065
2.2391
0.8608
10.8619
4.9637
9.5603
2.4801
3.234
2.5964
2.9737
14.7131
14.2057
2.6004
10.846
8.7304
1.9441
2.0207
3.7631
3.2114
1.235
-0.5221
3.6127
10.8944
9.6039
4.0419
6.2991
3.449
10.8188
12.1541
0.2612
2.8656
3.7243
4.8993
10.8698
4.0784
0.8238
8.9302
1.9651
13.505
1.9146
4.0586
2.564
8.1523
1.8166
3.4484
14.2198
8.7304
5.0735
14.249
2.7956
12.4749
4.2576
17.0345
13.5497
4.1908
8.7304
13.5873
3.756
1.2032
3.0128
3.6609
17.8988
16.9757
9.0161
0.2679
3.2977
1.0249
18.2499
11.2258
2.184
2.4055
14.2198
2.244
-0.9991
13.8218
9.1742
10.5047
1.331
4.5621
12.6013
13.5479
19.7692
3.4822
2.5428
0.0916
3.4723
2.5922
18.3374
19.6644
12.4749
14.2074
13.8722
1.9944
11.0748
4.0099
-0.1614
3.0794
1.8715
2.7471
2.1019
2.8425
9.1291
14.4272
1.318
10.9571
0.6384
4.311
3.9733
2.4001
2.6585
14.1091
8.6575
9.4547
0.5985
-0.1882
1.9334
16.8574
3.2131
1.5619
18.2499
19.6518
3.5205
3.4822
3.1407
0.7019
11.0649
5.4285
14.4476
7.0846
13.0475
5.4801
2.4636
2.2317
0.0783
3.9611
1.9021
11.5352
11.6611
2.9678
2.1663
1.8288
10.7159
18.4724
2.713
15.5638
-0.2032
-0.0904
4.207
2.284
14.5001
11.9109
10.1589
3.1215
14.4669
13.5873
2.9895
10.9574
-0.5344
14.5001
3.2577
11.4479
11.0006
2.1042
2.555
11.2383
2.6534
6.5888
13.0628
14.1544
10.5847
18.3086
0.1766
3.2219
12.4964
1.4367
0.7846
2.6332
1.0835
10.8009
2.4302
2.9629
2.1148
3.6917
4.2974
2.8901
10.0539
2.7793
-0.4171
-0.4344
2.8684
2.1539
1.5344
1.7504
3.1333
1.9689
19.1092
2.1148
4.1311
-2.2608
3.4317
14.6261
3.0731
2.7987
4.2196
0.5704
3.1949
2.9766
10.917
1.9453
14.3669
4.6244
4.0953
1.4107
4.7313
5.4801
8.7304
7.7959
6.5888
1.8219
13.5571
4.7711
1.1755
3.051
4.6156
1.6292
2.2588
14.5426
17.054
2.9816
3.7151
14.7131
4.074
11.4699
1.0997
18.3374
0.0846
11.6611
11.2983
2.6266
4.1592
1.6358
2.5986
14.4272
5.3152
2.7066
0.6011
3.8779
2.0899
1.8232
1.7313
0.2918
8.9796
14.4784
3.972
18.2499
11.5373
0.1415
4.4341
3.2322
3.7151
1.3174
1.6663
2.9017
10.1952
1.6092
1.9504
20.0016
20.0016
13.5302
17.5366
3.0612
3.2998
0.0641
1.5847
14.3669
0.227
3.3864
2.2995
9.2225
4.0221
3.9365
2.6487
4.2169
11.4699
3.7353
10.6887
7.5857
9.4147
4.1208
3.5636
14.0987
5.3607
3.0763
19.1783
12.4528
3.3415
3.5888
8.4448
3.4944
3.154
13.7057
11.6782
18.5401
12.5511
9.1462
3.9705
0.7989
9.2567
0.0414
1.6168
1.9441
3.0682
1.0355
13.5873
2.5682
7.0226
9.7215
2.9774
1.8715
12.3165
9.2271
3.4393
20.0016
3.9271
14.4784
1.3409
3.3642
18.2499
1.5841
9.7154
8.8407
14.4272
20.0016
3.0387
2.8087
2.9603
4.6264
4.068
5.4547
1.5104
19.3256
4.3204
18.4299
20.0016
11.1285
10.718
4.276
3.0193
10.0028
19.4633
2.8468
14.3669
3.2374
20.0016
0.8823
4.2083
2.3458
2.1496
13.2829
1.3203
2.6215
3.2376
1.1689
2.469
9.533
16.8247
1.3597
2.4305
18.2499
3.2669
3.2374
2.968
2.8114
8.7304
1.6691
3.88
1.6691
2.8819
4.2866
2.9708
9.5603
7.7959
19.5356
3.3965
3.633
10.963
4.0634
4.0131
14.3669
2.8567
4.16
-0.2216
13.0475
14.1677
20.0016
0.8519
14.4272
0.2128
1.9441
14.7131
1.3912
3.1017
1.6235
4.5745
1.0995
10.718
14.9157
0.4151
10.718
1.3677
10.718
3.173
13.7306
1.9957
18.2499
2.9152
3.8138
2.1042
2.8076
14.4272
3.7137
3.0301
4.8208
9.6106
2.8887
14.8323
14.4272
2.882
2.7587
2.9829
13.5873
13.5873
14.8297
14.5938
0.4325
2.8825
1.8678
3.512
11.6068
2.696
10.0028
3.3417
-0.171
8.9783
14.7267
11.7972
2.9199
3.0805
5.3813
13.7673
13.5873
10.9432
2.4329
3.0664
3.0351
0.9619
3.2632
3.5771
2.9645
11.0799
0.5795
1.772
10.0028
3.2852
2.4462
-1.5392
2.8507
2.4667
4.5207
13.4771
4.7857
16.999
6.5559
2.7341
14.0542
1.1915
14.4272
3.031
10.9124
3.7933
3.0572
3.2445
2.3326
2.6262
0.607
2.2916
10.7931
0.1251
0.8262
3.3928
10.1605
14.5755
0.5924
-1.1951
1.3241
2.0304
2.4972
10.0028
13.2829
-2.1267
3.1291
1.2103
13.7939
2.5144
14.3889
2.6043
14.4474
9.5603
10.9323
10.0028
3.2577
2.2775
14.176
11.3198
14.3669
17.8988
1.4058
0.4024
3.1322
12.4749
17.8988
19.7281
-1.0833
14.3304
14.3581
1.5322
-0.5171
11.2983
4.068
1.5825
8.4448
0.8777
2.7567
10.846
3.0612
14.4272
3.123
3.0538
0.3174
17.5872
14.4993
13.5497
14.1091
1.4252
2.8691
16.8238
4.4145
2.9687
9.7152
12.5689
10.5356
14.5426
-0.0858
11.8161
3.1644
2.1762
2.9855
2.0127
11.3585
0.9712
3.7613
10.7771
5.7329
19.3256
13.4037
0.258
0.2971
8.7304
10.6752
14.4272
0.6356
4.0387
3.2193
20.0016
1.892
12.4143
4.071
2.0025
0.5943
14.3669
17.4568
2.2872
2.7817
18.3374
4.0159
3.1684
-1.4251
-2.116
3.0238
2.3022
2.51
19.5356
4.2781
2.894
13.2829
1.6117
1.3811
7.7959
14.2144
2.7283
12.0477
2.8905
14.4541
10.67
0.0982
10.0028
11.8981
8.4448
0.975
3.4181
14.4272
1.555
14.4828
1.29
14.4541
3.0267
3.8454
4.296
3.0981
1.6429
3.12
3.0392
2.5621
2.434
18.2859
4.7816
17.7595
2.419
3.211
13.2943
1.6818
19.4776
3.0904
1.7225
3.0553
13.0368
1.1472
4.6068
14.3995
2.8656
11.4699
-0.0841
1.3095
19.6644
10.0101
-0.7108
11.8161
3.556
2.0729
0.3811
2.4819
3.2772
14.2282
13.5873
8.7304
-0.6822
9.5603
0.4182
11.189
0.5614
3.2374
3.0613
20.0016
3.8125
1.858
2.749
10.0028
13.5497
19.9252
14.5215
4.8591
1.5998
2.9911
19.5356
3.4252
1.9146
3.6423
4.5645
2.6517
-2.1949
2.94
0.2029
2.4899
1.2508
3.0442
3.0306
11.2015
3.778
8.7304
3.1788
3.4521
1.4726
14.4272
3.2366
18.2862
2.6641
19.5405
19.1533
3.2062
1.3193
3.156
0.0919
1.4081
3.8101
2.9266
13.9004
2.8295
6.2522
1.3746
2.0578
11.6611
3.4398
10.1999
10.0028
12.4528
12.7989
13.2829
1.2455
9.1394
3.1175
0.3945
4.0595
0.1981
19.2064
9.1592
3.88
1.265
1.9644
4.1999
2.2995
14.2878
18.338
1.458
1.3719
3.6032
4.3179
1.8842
4.1454
1.8432
3.0157
2.9742
17.054
5.2182
3.0418
14.2878
19.8732
14.1512
4.9463
4.5508
14.447
1.6429
1.9344
14.3889
11.2508
11.6611
11.6782
10.3036
0.7433
3.0594
18.4126
2.1833
-0.7868
12.9071
4.822
2.736
1.6566
0.9557
3.4387
1.5242
2.749
2.9548
13.511
4.7341
3.5926
14.1091
10.0725
1.4279
-0.3348
2.8015
14.8613
3.0255
17.7595
2.8757
10.0028
2.2529
10.5951
1.9046
20.0016
2.5964
9.9988
14.0542
-0.8098
12.5587
4.1574
3.0193
20.0016
2.8521
1.3623
14.0691
17.0625
14.1544
19.2064
2.8468
1.5817
2.4206
12.1333
3.0064
14.3772
3.2574
3.1717
3.2464
19.3256
1.0648
3.2117
1.8708
1.7671
19.6644
3.1498
11.6611
3.7361
11.4699
0.9919
14.1091
5.753
4.1272
3.3297
12.2645
3.0608
1.8177
13.2829
10.0028
3.2817
4.3179
-0.516
13.3098
13.0475
8.4448
14.0542
1.7991
0.6883
2.335
13.2829
3.3985
2.749
10.869
-0.9274
4.8591
3.2131
20.0016
1.9665
11.102
2.4753
1.7727
9.8438
12.3165
4.718
4.2012
1.0476
4.3126
3.763
10.6553
20.0016
2.3165
11.6303
2.1539
3.5191
1.1275
3.4643
0.1739
2.9755
3.0967
1.4777
0.3742
3.9643
13.7673
2.6379
1.556
5.7249
12.2259
0.9469
3.974
14.0815
13.7673
17.0345
1.9134
10.4523
-0.1944
14.1842
14.4272
3.1087
3.156
9.0398
13.8508
7.227
3.0448
13.5873
1.7485
1.265
4.8329
14.0542
2.1524
14.1091
3.0612
4.2267
-0.1434
3.4025
10.0028
0.592
17.4568
0.8949
14.4541
19.1783
10.718
18.2499
2.6426
20.0016
1.327
3.577
4.2681
2.0425
0.9068
2.1232
11.5266
12.1464
3.2852
4.7198
3.6399
2.4694
3.5998
2.1501
10.0028
2.573
3.9131
0.1411
9.7654
0.2479
3.5018
5.2235
1.265
14.1752
2.673
3.1882
14.1091
14.5001
1.6168
12.4749
1.5793
0.0405
14.4828
13.8508
0.5196
4.1806
0.9002
3.7802
10.2011
12.7766
0.4268
4.3655
13.5873
10.0028
3.2682
11.4146
1.6495
0.3484
2.8819
0.1908
3.2464
0.2967
3.4362
14.2198
2.7389
10.2961
2.7294
11.7974
3.0193
3.5534
0.7256
17.8988
0.0914
12.4528
12.4522
11.7974
13.2829
1.3691
0.5699
2.7642
0.8294
9.0723
-1.2957
1.4198
1.8479
2.9531
1.439
3.3414
10.5111
4.1424
1.3943
14.6163
14.2878
0.1145
13.5873
1.7072
10.7175
2.891
2.8483
2.3619
0.9358
1.5799
11.0099
3.5472
1.3722
0.2819
11.6924
3.0089
17.0345
8.1195
3.7089
14.5215
2.9494
10.6562
3.0893
14.3669
15.484
1.3865
12.4528
11.4699
1.0214
3.6245
0.8407
2.4574
14.4272
2.6517
2.6708
3.2612
1.1198
14.3669
0.7479
14.2198
2.2529
0.827
13.2829
2.0448
4.173
4.6654
18.4299
3.1389
10.8012
14.1091
10.0028
2.7286
3.434
2.5031
4.0171
2.9385
4.8878
20.0016
2.7495
3.0277
2.0961
2.6504
11.3558
3.9733
13.5873
3.4005
17.0345
10.0349
4.068
14.4541
2.3089
2.2628
3.1114
4.2613
0.6078
11.5373
14.5001
18.4299
0.3643
4.2866
2.9276
10.6847
2.2105
11.338
13.5873
14.9175
4.0991
4.5626
13.4747
0.3348
4.4405
4.3605
1.8224
13.9184
18.2499
-0.6693
3.8772
8.3565
3.8772
5.766
6.5335
2.084
17.054
2.9271
14.5379
1.7117
10.7251
3.86
0.6289
5.0203
3.0594
1.4673
4.0703
10.1844
18.4299
1.9024
14.1091
3.5281
2.7248
-0.0681
20.0016
14.1091
3.5075
2.348
2.7907
5.0205
5.0659
8.7304
13.6349
0.1863
18.3374
3.8684
3.0239
19.1783
-0.0239
2.6374
13.4037
2.9396
2.0401
13.8722
2.5525
1.2032
1.8024
20.0016
2.3488
2.0837
2.9685
8.1923
10.846
14.444
2.8039
12.7974
4.1563
11.3545
10.5196
13.5873
5.753
3.1215
4.8157
2.5271
1.7916
1.8749
14.6796
10.5694
11.0761
5.3537
4.9537
14.4541
0.2971
1.8432
2.5856
1.9078
3.8701
16.8247
3.2457
1.8775
3.1484
2.0578
3.2305
4.1086
2.434
2.0462
4.6853
4.7806
0.9437
1.4884
-0.9665
3.4713
13.2829
-0.7482
2.7926
5.753
0.6004
10.7148
4.6182
15.3785
2.8804
0.162
2.0538
2.8793
4.1152
13.8633
3.0442
14.1091
14.3669
-1.0656
19.5532
0.5727
3.6848
2.079
3.3876
1.9861
0.8851
0.419
13.8488
10.4974
13.9004
19.67
5.5908
-1.1304
14.176
14.1441
3.7151
11.8635
3.0301
10.9822
2.6426
14.1091
4.2377
9.5582
12.7766
-0.1582
1.2901
3.5269
13.837
3.9365
14.7131
16.8247
2.4462
14.7131
20.0016
14.5379
1.4947
13.6595
2.3717
12.4749
11.5262
12.5511
3.2087
13.8634
2.1606
3.5228
14.1475
12.7167
3.5968
9.6039
13.1152
14.4784
3.4441
3.8996
20.0016
13.4795
18.2499
3.9221
1.8648
3.0734
2.749
3.6547
3.0448
2.9205
12.7761
-0.4099
2.3542
2.5428
10.3356
13.9531
11.5352
13.511
3.2374
9.7129
10.8009
4.7393
2.7587
1.798
14.3889
4.4529
14.5001
10.0028
11.1459
19.4633
3.1484
1.9141
3.0296
14.5798
14.3304
3.316
2.4776
1.548
0.3679
2.1211
2.1926
2.62
1.9506
12.9071
2.4722
1.9188
14.4082
3.1399
14.4357
8.4448
4.544
2.1343
2.2858
17.9732
0.4531
4.2976
3.1061
10.3338
4.2798
14.4272
-1.1737
1.657
14.165
18.2499
1.2631
4.2936
3.164
14.6862
2.2237
1.6284
14.2878
1.9814
0.0212
13.8973
1.908
1.4244
8.5489
4.8518
0.9744
3.7441
2.8549
14.1339
3.3408
0.214
3.6245
18.4126
2.9956
1.5399
3.7307
13.3419
2.9443
14.4272
1.9437
14.1269
5.4857
12.68
-1.3308
2.9033
4.2672
14.5938
9.6282
-0.1937
18.2499
14.6862
4.8419
3.2374
10.8024
4.0245
19.1783
4.0463
2.9186
13.5873
16.3427
1.0872
12.7766
0.6916
4.3063
2.3909
18.2499
3.2796
14.4272
1.8513
13.4696
4.0953
3.3371
2.749
2.106
8.4448
2.1865
10.0711
2.6302
14.422
2.0257
10.5356
2.2433
10.3334
1.048
1.8425
3.2136
14.4272
3.734
4.9485
3.9234
10.9956
9.2225
2.0558
2.7809
3.4748
0.7566
11.0543
14.6649
2.2973
19.4163
3.0301
4.7603
11.6611
10.3036
18.2499
1.5747
20.0016
13.511
3.3322
14.1091
17.0345
10.5951
11.0799
1.8177
3.1798
4.261
3.5397
0.5172
11.3198
2.749
1.9541
14.128
3.7353
14.5001
18.3374
14.5215
0.0783
18.4299
0.9569
2.0152
1.2649
2.1963
1.1589
2.0852
3.0654
14.2198
1.3634
7.0922
4.1136
3.1232
2.5229
2.8347
2.2723
4.1742
2.0612
14.4272
-0.4676
3.2939
2.1862
4.4033
11.0822
1.5924
3.2585
1.916
13.5873
10.6203
13.9615
20.0016
9.4819
3.7835
3.2894
-0.4491
13.0628
3.8745
2.434
14.4272
1.7014
3.2329
16.9757
20.0016
7.0518
17.0345
2.1758
4.231
14.9157
18.3374
9.4128
0.8085
2.7817
18.1198
3.0193
0.1567
2.7409
11.1632
17.8988
2.5247
14.5298
14.5018
20.0016
0.4517
19.3256
2.2198
3.5314
1.4376
14.3669
10.769
-0.5429
0.9072
10.1589
14.5001
3.7457
3.3364
3.6241
3.2677
11.189
14.5001
2.8032
19.1783
18.3374
2.0462
0.043
2.7268
3.6333
20.0016
2.7799
3.4647
3.1322
1.7736
2.9518
1.283
3.1454
10.1589
14.4135
3.7835
2.2736
2.0578
19.3256
11.0611
2.0799
1.2219
1.7309
1.4188
14.5095
2.101
4.4786
3.2852
3.6105
14.7131
2.9532
14.3669
1.3529
0.087
0.9572
1.2102
2.7751
3.2445
1.5381
9.5121
11.6782
8.7304
2.9413
4.8773
0.298
5.0205
17.054
19.3256
0.2457
14.1091
2.3361
2.8549
1.6761
1.0606
1.3739
-1.3355
10.6847
1.9146
19.1783
1.2279
2.8452
3.5262
14.3304
1.5547
1.693
5.2931
3.0472
2.0462
20.0016
3.2577
1.5874
1.807
-1.0715
2.7234
2.434
18.2499
3.0041
2.8605
13.8488
1.1974
14.1091
-0.1164
3.0513
19.1783
19.0332
2.3044
4.0272
0.2986
14.2465
2.0521
2.7587
14.9985
11.0536
10.963
2.5669
2.3245
18.3374
3.1838
11.2983
0.3055
2.36
4.2884
1.2236
3.4811
1.1818
0.327
14.1091
2.2861
2.9575
10.89
0.2286
10.6752
14.0256
14.3304
13.2829
3.7835
0.3208
0.5072
1.9104
12.6013
12.7296
1.5333
3.7744
0.6517
13.5873
3.0193
1.6889
2.7715
2.6111
2.0799
11.0543
4.5085
0.7355
2.5627
3.0172
3.0126
14.8202
3.8613
18.2499
2.5537
2.8459
11.2983
0.5298
0.0599
11.0006
10.0725
10.6562
6.9992
5.0412
4.1791
2.427
13.8488
1.9263
4.1826
0.7789
3.813
11.0799
2.9548
8.1923
2.1187
4.1882
0.8934
10.718
2.4677
14.6163
14.529
4.0166
8.884
1.2938
3.9599
14.3995
3.363
14.4828
10.3004
14.4272
3.0594
6.2991
3.3873
14.6805
2.1539
4.2011
10.6203
4.4801
12.0444
4.6244
1.9324
1.8343
2.8564
17.8988
11.4699
1.4709
3.0682
10.6847
1.6083
9.5561
0.1661
2.9024
1.5999
8.1651
14.5001
2.434
9.5374
2.1619
13.5873
14.3669
0.7819
3.9843
0.565
4.1314
12.3572
6.5559
11.3198
4.3204
2.7495
17.0345
11.4479
3.2577
13.2829
3.1665
1.2425
3.207
18.3374
3.7415
5.007
13.5873
13.2829
1.5155
14.4204
2.5989
14.5938
2.2303
19.5356
13.9806
1.916
2.5325
18.7087
1.7799
3.843
1.1669
13.3419
9.7185
9.0333
10.5215
19.6644
12.5332
3.7858
5.448
14.1091
1.9247
1.9164
1.94
2.6613
3.7044
1.6406
5.1925
3.5401
14.4272
9.8921
3.5682
0.7523
5.753
11.8635
4.0245
1.5999
11.0431
2.9286
2.004
1.2334
3.3244
1.2219
2.8468
11.5419
10.5111
3.6285
2.1663
10.8182
14.4272
12.4749
10.718
-0.4981
13.7814
10.0028
14.4451
1.0777
4.8007
2.95
14.2878
10.6036
2.9447
4.2207
3.4961
8.4448
2.3369
4.5251
-0.0305
2.4494
2.5135
14.1544
1.1577
14.4272
2.8955
2.7121
14.1091
4.5821
11.7879
10.0028
14.4272
14.1544
10.5047
10.8059
14.2706
0.8263
14.1661
6.201
-1.4969
3.2577
2.5149
3.0923
14.4272
14.1544
2.0693
3.5658
13.7306
3.9615
2.7649
3.2123
1.6817
3.2506
3.9501
2.3145
10.6847
11.531
10.778
11.0006
1.5859
1.9152
0.2841
13.2829
-0.1727
14.1544
4.2403
3.7804
9.1954
9.7654
0.2885
2.5902
-0.1708
3.0472
2.9072
2.4435
13.2829
-0.3643
20.0016
11.8751
11.5352
11.2983
11.3046
5.6294
20.0016
3.5388
2.9755
10.6802
2.0263
3.7353
2.8564
2.9785
1.7835
14.5001
14.4272
3.1526
9.7654
14.4194
10.0009
9.2249
4.579
2.4462
1.0951
1.0559
2.7251
4.414
2.8467
2.7054
1.3065
12.4749
14.4272
20.0016
17.9799
14.2706
2.0714
4.158
9.1394
14.3669
1.721
10.0028
18.3374
4.5661
4.5661
2.0799
3.0306
2.7066
0.1781
14.1752
4.0864
2.5996
3.5068
2.6306
1.908
3.8851
3.2899
1.2202
4.5795
-0.8401
3.1808
13.1232
12.5587
7.7959
13.5561
4.1439
9.5121
2.8254
3.6702
14.4272
8.873
0.1732
4.0345
0.5807
5.2124
3.1871
3.3994
18.4299
3.0739
2.8327
13.6012
4.4094
14.6163
0.9991
14.4476
1.8521
3.6931
2.434
18.4299
0.0321
0.7224
10.8009
1.1144
2.7777
0.9337
13.6496
14.1544
4.2267
0.8934
1.7476
2.6743
4.9346
4.2509
3.8218
2.1639
1.7819
2.1302
2.6181
3.6954
3.541
11.3222
10.7771
2.3148
10.6234
2.9785
8.7304
10.8003
11.6849
14.4784
10.8698
2.9213
2.254
4.2463
19.1783
19.5398
2.2039
3.6118
4.1535
2.5012
2.5021
19.4633
1.6704
10.4348
3.4171
1.9365
2.3755
2.1376
2.9485
10.0028
4.2649
0.9557
4.3604
14.1544
9.216
3.5481
1.0913
19.3256
-0.2761
3.3417
19.0332
1.025
9.6039
3.0186
12.4749
5.7383
14.4272
14.1938
2.4498
2.8906
17.7595
1.1062
1.5128
3.2708
1.6622
11.5704
1.5502
10.3036
3.7243
2.4026
-1.0487
-0.6484
1.4622
14.4381
14.4272
13.4562
-0.6687
2.1912
3.2033
1.783
4.0069
13.7673
14.4272
13.5497
2.123
11.3545
3.0047
16.8626
-0.4385
10.3286
1.4028
4.2196
1.9103
3.3594
15.1154
12.5587
11.2983
3.6774
14.235
9.6039
0.9664
1.4438
2.6517
12.0444
1.9752
14.7131
11.2983
18.2499
2.7121
0.0452
19.1533
2.8377
13.5873
0.0164
1.772
8.4448
3.828
6.5559
13.0684
3.9733
10.8024
11.6306
14.2198
11.7672
4.316
0.9831
18.3374
4.6654
3.974
1.8404
3.8004
4.3878
14.1178
13.7164
17.0625
3.0071
4.1456
14.349
3.2201
20.0792
14.4272
3.5869
1.1996
9.9278
0.8562
9.2995
3.8103
2.4791
11.2179
2.5578
0.4103
2.276
2.0258
2.5186
17.1428
2.2819
3.4331
2.2073
2.7679
5.2931
2.2599
2.9912
2.0444
2.51
11.1632
13.2829
10.0028
4.247
14.0542
10.9432
-1.481
11.1215
2.0623
14.3669
2.7626
10.8536
3.8906
3.676
1.7508
9.2251
14.4272
1.8766
4.9263
10.5047
2.8362
1.4595
1.8698
17.054
2.3551
17.8988
2.3389
3.4724
2.2034
14.1091
11.9186
14.4204
1.6358
14.3669
1.7577
18.2499
3.0193
13.3064
2.923
13.7814
2.6565
3.9225
2.1396
12.6343
3.115
1.5412
10.8051
12.7162
3.0682
1.1291
9.7654
1.9134
0.5102
1.9698
1.2943
14.9985
14.4272
2.4524
3.4419
2.3376
8.7304
0.3356
14.0815
20.0016
10.3004
14.4541
13.3247
18.4299
19.1783
18.901
10.7817
18.3374
14.5001
18.3374
12.6013
13.6349
20.0381
19.1783
18.3374
14.7131
13.2976
11.5266
13.9184
14.1091
19.6644
13.7387
17.7529
18.5131
18.2499
13.6452
19.4633
0.4285